# ResID  ln(Protection factor) Std. Dev.
      2         6.30000000                nan
      3         8.30000000                nan
      4         8.05000000                nan
      5         8.30000000                nan
      6         8.40000000                nan
      7         9.35000000                nan
      9         4.55000000                nan
     10         5.25000000                nan
     11        11.80000000                nan
     12         5.25000000                nan
     13        11.10000000                nan
     14         8.40000000                nan
     15         7.70000000                nan
     16         9.70000000                nan
     17        10.05000000                nan
     18         5.25000000                nan
     19        10.40000000                nan
     20         5.60000000                nan
     21        10.75000000                nan
     22        12.50000000                nan
     23        15.30000000                nan
     24        15.65000000                nan
     25        13.90000000                nan
     26         9.70000000                nan
     27         5.60000000                nan
     28         5.25000000                nan
     29         5.60000000                nan
     30         7.60000000                nan
     31         8.65000000                nan
     32        11.45000000                nan
     33        13.20000000                nan
     34        13.90000000                nan
     35        16.00000000                nan
     36        15.65000000                nan
     37        14.60000000                nan
     38         9.10000000                nan
     40         1.75000000                nan
     41         5.50000000                nan
     42         6.65000000                nan
     44        12.50000000                nan
     45         9.80000000                nan
     46        11.45000000                nan
     47        11.80000000                nan
     48        17.75000000                nan
     49        10.85000000                nan
     50        11.80000000                nan
     51         9.00000000                nan
     52        11.80000000                nan
     53         7.70000000                nan
     54        13.20000000                nan
     55         2.45000000                nan
     56         1.40000000                nan
     57         6.90000000                nan
     59         0.70000000                nan
     60         2.80000000                nan
     61        11.10000000                nan
     62        10.75000000                nan
     63        11.20000000                nan
     64        12.15000000                nan
     65         9.70000000                nan
     66        11.00000000                nan
     67         6.65000000                nan
     68         7.00000000                nan
     69         8.65000000                nan
     70        11.80000000                nan
     71        13.90000000                nan
     72        15.30000000                nan
     73        12.15000000                nan
     74        13.90000000                nan
     75        12.50000000                nan
     76         8.40000000                nan
     77        14.95000000                nan
     78        12.15000000                nan
     80         6.30000000                nan
     81         9.70000000                nan
     82         9.80000000                nan
     83        11.80000000                nan
     84        12.50000000                nan
     85        13.20000000                nan
     86        13.20000000                nan
     87        17.05000000                nan
     88        17.75000000                nan
     89        14.25000000                nan
     90        12.25000000                nan
     91        11.80000000                nan
     92         9.00000000                nan
     93         2.80000000                nan
     95         9.80000000                nan
     96        13.20000000                nan
     97         8.75000000                nan
     98        13.55000000                nan
     99         8.75000000                nan
    100        11.80000000                nan
    101        16.70000000                nan
    102        13.55000000                nan
    103        14.25000000                nan
    104        12.15000000                nan
    105        12.85000000                nan
    106        12.50000000                nan
    107         7.00000000                nan
    108         2.10000000                nan
    109         3.85000000                nan
    110        11.45000000                nan
    111         7.70000000                nan
    113        10.05000000                nan
    114         6.30000000                nan
    115        10.40000000                nan
    116         8.40000000                nan
    117        10.05000000                nan
    120         7.70000000                nan
    121         3.15000000                nan
    122         3.15000000                nan
    123        10.05000000                nan
    124        14.25000000                nan
    125         8.65000000                nan
    126         7.95000000                nan
    127         7.95000000                nan
    128        11.20000000                nan
    129        16.35000000                nan
    130        12.50000000                nan
    131        15.65000000                nan
    132        14.95000000                nan
    133        16.35000000                nan
    134        13.90000000                nan
    135        13.90000000                nan
    136        13.90000000                nan
    137        12.85000000                nan
    138        14.95000000                nan
    139        17.40000000                nan
    141         5.95000000                nan
    142         2.80000000                nan
    143         4.90000000                nan
    144         9.70000000                nan
    145         7.70000000                nan
    146         9.00000000                nan
    147         8.75000000                nan
    148        12.85000000                nan
    149        12.85000000                nan
    150        11.80000000                nan
    151         4.55000000                nan
    152         7.25000000                nan
    153         4.90000000                nan
    154         7.60000000                nan
    155         1.40000000                nan
    156         0.00000000                nan
    157         1.40000000                nan
    158         7.00000000                nan
    159         9.00000000                nan
    160         4.90000000                nan
    161        10.05000000                nan
    162        10.50000000                nan
    163        13.20000000                nan
    164         5.25000000                nan
    165         8.05000000                nan
    166        14.95000000                nan
    167         6.30000000                nan
    168         5.85000000                nan
    169         8.20000000                nan
    170        11.20000000                nan
    171        12.95000000                nan
    172        15.65000000                nan
    173        17.05000000                nan
    174        16.70000000                nan
    175        14.95000000                nan
    176        14.60000000                nan
    177        14.95000000                nan
    178        14.95000000                nan
    179        11.45000000                nan
    180         9.70000000                nan
    181         7.70000000                nan
    182        10.40000000                nan
    183         3.85000000                nan
    184         7.60000000                nan
    185        11.10000000                nan
    186        10.05000000                nan
    187         6.30000000                nan
    188         7.00000000                nan
    189         9.35000000                nan
    190        10.75000000                nan
    191        12.85000000                nan
    192        14.25000000                nan
    193        16.35000000                nan
    194        14.25000000                nan
    195        14.25000000                nan
    196        12.85000000                nan
    197         7.70000000                nan
    198         2.80000000                nan
    199         6.30000000                nan
    200         7.95000000                nan
    201         1.75000000                nan
    202         0.35000000                nan
    204         9.70000000                nan
    205         5.95000000                nan
    206         9.70000000                nan
    207         6.30000000                nan
    208        10.75000000                nan
    209        10.40000000                nan
    210         9.00000000                nan
    211         1.40000000                nan
    212         6.20000000                nan
    213         5.95000000                nan
    214         0.35000000                nan
    215         3.85000000                nan
    216         9.35000000                nan
    217         9.10000000                nan
    218        11.45000000                nan
    219        12.95000000                nan
    220        12.75000000                nan
    221         7.95000000                nan
    223         4.90000000                nan
    224         7.35000000                nan
    225        12.85000000                nan
    226        10.75000000                nan
    228         9.00000000                nan
    229        11.80000000                nan
    230         7.70000000                nan
    231        10.75000000                nan
    232         6.65000000                nan
    233        11.10000000                nan
    234        12.85000000                nan
    235        16.70000000                nan
    236        15.65000000                nan
    237        13.90000000                nan
    238        12.40000000                nan
    239         4.90000000                nan
    240         7.95000000                nan
    241         6.30000000                nan
    242         6.30000000                nan
    243         7.60000000                nan
    244         7.25000000                nan
    245         4.90000000                nan
    246         8.40000000                nan
    247        14.25000000                nan
    248        14.00000000                nan
    249        12.85000000                nan
    250        12.15000000                nan
    251        14.95000000                nan
    252        15.65000000                nan
    253        17.75000000                nan
    254        15.30000000                nan
    257         1.75000000                nan
    258         7.25000000                nan
    259         6.65000000                nan
    260         9.80000000                nan
    261        11.10000000                nan
    262         9.80000000                nan
    263        10.05000000                nan
    264        12.15000000                nan
    266        14.60000000                nan
    267        13.90000000                nan
    268         9.80000000                nan
    269         4.80000000                nan
    270         6.90000000                nan
    271         7.95000000                nan
    272         4.90000000                nan
    273         6.30000000                nan
    274         5.60000000                nan
    275        13.20000000                nan
    277         3.05000000                nan
    278         6.55000000                nan
    279        10.40000000                nan
    280         1.75000000                nan
    281         5.85000000                nan
    282        12.15000000                nan
    283        11.80000000                nan
    284        11.10000000                nan
    285        11.10000000                nan
    286         7.70000000                nan
    287        10.75000000                nan
    288         4.90000000                nan
    289         0.35000000                nan
    290         2.80000000                nan
    291        12.40000000                nan
    292        15.65000000                nan
    293        16.35000000                nan
    294        14.60000000                nan
    295        16.35000000                nan
    296        13.20000000                nan
    297        15.65000000                nan
    298        12.50000000                nan
    299        10.75000000                nan
    300        16.70000000                nan
    301        11.80000000                nan
    303         3.40000000                nan
    304        10.75000000                nan
    305        13.90000000                nan
    306        18.00000000                nan
    307        15.65000000                nan
    308        14.95000000                nan
    309        14.95000000                nan
    310        18.80000000                nan
    311        19.15000000                nan
    312        19.85000000                nan
    314        12.95000000                nan
    315        10.75000000                nan
    316         0.35000000                nan
    317         5.15000000                nan
    318         9.10000000                nan
    319        12.75000000                nan
    320        11.45000000                nan
    321        11.00000000                nan
    322         7.25000000                nan
    323         6.65000000                nan
    324        13.55000000                nan
    325         8.05000000                nan
    326        12.85000000                nan
    327        14.60000000                nan
    328         7.70000000                nan
    329        14.60000000                nan
    330        14.25000000                nan
    331        12.25000000                nan
    332        12.75000000                nan
    333         5.25000000                nan
    334         2.80000000                nan
    335         2.80000000                nan
    336         4.55000000                nan
    337        11.45000000                nan
    338         8.75000000                nan
    340        10.05000000                nan
    341         6.65000000                nan
    342        11.80000000                nan
    344        10.75000000                nan
    345         8.05000000                nan
    347         6.30000000                nan
    348         3.85000000                nan
    349         2.10000000                nan
    350         5.15000000                nan
    351         3.50000000                nan
    352         3.15000000                nan
    353         1.40000000                nan
    354         3.85000000                nan
    355         7.00000000                nan
    356        12.85000000                nan
    357        11.90000000                nan
    358        13.55000000                nan
    359        16.70000000                nan
    360        17.05000000                nan
    361        14.95000000                nan
    362        13.55000000                nan
    363        12.85000000                nan
    364        11.90000000                nan
    365        16.70000000                nan
    366        18.00000000                nan
    368         9.45000000                nan
    370         7.35000000                nan
    371         7.60000000                nan
    372         5.25000000                nan
    373        11.70000000                nan
    374        10.15000000                nan
    375        12.50000000                nan
    376         7.60000000                nan
    377         7.25000000                nan
    378         6.90000000                nan
    379         8.65000000                nan
    380         3.85000000                nan
    381         0.70000000                nan
    382         3.50000000                nan
    383         9.70000000                nan
    384         9.70000000                nan
    385         5.25000000                nan
    386        10.05000000                nan
    388         5.25000000                nan
    389        11.80000000                nan
    390         5.25000000                nan
    391        10.05000000                nan
    392         1.75000000                nan
    393         0.70000000                nan
    394         7.25000000                nan
    395        10.50000000                nan
    396        17.75000000                nan
    397        18.10000000                nan
    398        15.90000000                nan
    399        11.20000000                nan
    400        14.95000000                nan
    401        14.95000000                nan
    402        16.00000000                nan
    403         9.45000000                nan
    404         9.70000000                nan
    406         9.70000000                nan
    407         2.45000000                nan
    408         4.90000000                nan
    409         9.70000000                nan
    410         3.15000000                nan
    411         2.45000000                nan
    412         6.20000000                nan
    413         3.50000000                nan
    414         7.70000000                nan
    415        12.85000000                nan
    416        16.00000000                nan
    417        15.65000000                nan
    418        14.60000000                nan
    419        12.85000000                nan
    420        13.55000000                nan
    421         4.90000000                nan
    423         8.40000000                nan
    424         4.55000000                nan
    425         8.65000000                nan
    426         4.90000000                nan
    427         8.30000000                nan
    428         5.60000000                nan
    429        10.05000000                nan
    430         5.95000000                nan
    431         9.70000000                nan
    432         3.85000000                nan
    434         2.80000000                nan
    435         4.20000000                nan
    436         2.80000000                nan
    437         3.85000000                nan
    438         6.55000000                nan
    439         2.80000000                nan
    440         0.35000000                nan
