# ResID  ln(Protection factor)
      1         2.35000000
      3         0.00000000
      4         0.70000000
      5         3.15000000
      6         3.50000000
      7        12.15000000
      8        12.85000000
      9        14.25000000
     10        12.85000000
     11        14.95000000
     12        12.85000000
     13        13.90000000
     14        13.30000000
     15         8.65000000
     16         3.15000000
     17         7.25000000
     19         4.90000000
     20        12.15000000
     21        11.45000000
     22        10.05000000
     23        15.30000000
     24        12.50000000
     25         9.70000000
     26         9.70000000
     27        11.10000000
     28        10.05000000
     29         8.30000000
     30        11.80000000
     31        13.20000000
     32        11.80000000
     33         8.65000000
     34         6.90000000
     35         9.00000000
     36        10.05000000
     37         4.20000000
     38         5.85000000
     39         7.70000000
     40        11.45000000
     41         4.55000000
     42         8.30000000
     43         4.55000000
     44        11.10000000
     45         6.65000000
     46         8.65000000
     47         5.25000000
     48         4.80000000
     49         5.15000000
     51         5.25000000
     52         5.95000000
     53         8.05000000
     54         8.65000000
     55         6.55000000
     56         6.20000000
     57         8.55000000
     58         6.90000000
     59         5.15000000
     60         1.05000000
     61         1.40000000
     63        14.25000000
     64        16.00000000
     65        14.25000000
     66        13.20000000
     67        12.85000000
     68         9.70000000
     72         4.90000000
     73         5.95000000
     74         4.20000000
     75         9.35000000
     76         6.65000000
     77        10.05000000
     78         7.35000000
     79         8.05000000
     80         9.70000000
     81         5.60000000
     82         4.90000000
     83         3.85000000
     84         6.90000000
     85        10.50000000
     86        11.10000000
     87         9.00000000
     88         7.95000000
     89         9.00000000
     90         8.65000000
     91         7.00000000
     92        11.80000000
     93        10.05000000
     94         7.95000000
     95         7.95000000
     96         8.30000000
     97         6.55000000
     98         2.80000000
