# ResID  ln(Protection factor)
      1         0.00000000
      3         0.00000000
      4         0.70000000
      5         3.15000000
      6         3.85000000
      7        11.10000000
      8        12.50000000
      9        14.25000000
     10        13.90000000
     11        16.00000000
     12        13.90000000
     13        16.95000000
     14        13.65000000
     15         9.00000000
     16         3.15000000
     17         7.60000000
     19         4.55000000
     20        12.15000000
     21        11.45000000
     22         9.70000000
     23        14.95000000
     24        12.15000000
     25         9.35000000
     26        10.05000000
     27        11.80000000
     28        10.40000000
     29         9.70000000
     30        11.10000000
     31        13.20000000
     32        12.15000000
     33         8.30000000
     34         6.55000000
     35         8.65000000
     36         8.65000000
     37         4.20000000
     38         5.50000000
     39         8.05000000
     40        11.10000000
     41         4.90000000
     42         7.95000000
     43         4.20000000
     44        10.75000000
     45         7.35000000
     46         8.30000000
     47         5.85000000
     48         4.80000000
     49         3.75000000
     51         0.00000000
     52         3.15000000
     53         3.15000000
     54         0.00000000
     55         0.70000000
     56         3.85000000
     57         2.45000000
     58         0.70000000
     59         1.05000000
     60         2.80000000
     61         5.15000000
     63        14.25000000
     64        14.95000000
     65        13.55000000
     66        12.50000000
     67        13.20000000
     68        11.70000000
     72         4.90000000
     73         9.95000000
     74         4.20000000
     75         9.00000000
     76         4.90000000
     77         8.65000000
     78         6.65000000
     79         6.65000000
     80         7.60000000
     81         3.85000000
     82         4.55000000
     83         4.20000000
     84         5.25000000
     85        11.45000000
     86        11.10000000
     87         8.65000000
     88         9.35000000
     89        10.05000000
     90         9.00000000
     91         6.65000000
     92        11.45000000
     93        10.05000000
     94         7.95000000
     95         7.25000000
     96         7.95000000
     97         6.55000000
     98         3.15000000
