    0.324649124585430328E-02   -0.319750679551773430E+03    0.291041259432347932E+00    0.708958740567652068E+00
    0.814142277923227686E-01   -0.326594630051498712E+03    0.555191867085713553E+00    0.444808132914286503E+00
    0.795043031861101257E-01   -0.326947152255467472E+03    0.568184937869960383E+00    0.431815062130039673E+00
    0.862040305612457730E-01   -0.327508963828477533E+03    0.590251292856315501E+00    0.409748707143684443E+00
    0.111561467004712617E+00   -0.328424681384001417E+03    0.634421280691245926E+00    0.365578719308754074E+00
    0.108336466458866840E+00   -0.328766013587626674E+03    0.658487247392932851E+00    0.341512752607067094E+00
    0.905722172081693533E-01   -0.328807824984201716E+03    0.662266709311321700E+00    0.337733290688678300E+00
    0.756243075627267003E-01   -0.328847085479049781E+03    0.666126786829351447E+00    0.333873213170648553E+00
    0.633580132891376352E-01   -0.328893132741018633E+03    0.671179437816987967E+00    0.328820562183012033E+00
    0.528543692977324758E-01   -0.328930610723743484E+03    0.675901968467237824E+00    0.324098031532762232E+00
    0.437442178009481569E-01   -0.328952248837861021E+03    0.678999931108084209E+00    0.321000068891915846E+00
    0.361429274745707976E-01   -0.328970492530036381E+03    0.729587393066102430E+00    0.270412606933897626E+00
    0.299577918472828178E-01   -0.328995108863964447E+03    0.724909290998176803E+00    0.275090709001823197E+00
    0.245721450291771192E-01   -0.328998756929816750E+03    0.724115817344259005E+00    0.275884182655740995E+00
    0.201666271038103521E-01   -0.329003588187966727E+03    0.723014074613509306E+00    0.276985925386490694E+00
    0.166245745582381185E-01   -0.329017293950287410E+03    0.691990840808616836E+00    0.308009159191383219E+00
    0.136471354818525504E-01   -0.329022589248420331E+03    0.693648535524796883E+00    0.306351464475203117E+00
    0.112050685236137308E-01   -0.329028262404190059E+03    0.715653843099269049E+00    0.284346156900730895E+00
    0.918196484722288118E-02   -0.329030012393572747E+03    0.714911141477025169E+00    0.285088858522974831E+00
    0.752865530201288560E-02   -0.329032962853051799E+03    0.697855917351593469E+00    0.302144082648406587E+00
    0.617082805881992349E-02   -0.329035196031175246E+03    0.712259434383564316E+00    0.287740565616435628E+00
    0.505252455893269014E-02   -0.329035306020887276E+03    0.712187834465405123E+00    0.287812165534594877E+00
    0.414240171435585613E-02   -0.329038081446563808E+03    0.710140379275625122E+00    0.289859620724374822E+00
    0.339332097007414863E-02   -0.329039148116924309E+03    0.702320709364781193E+00    0.297679290635218863E+00
    0.277900405405813672E-02   -0.329039715177978962E+03    0.708260176522707008E+00    0.291739823477292881E+00
    0.227548512800099245E-02   -0.329039916504316693E+03    0.707922089968103796E+00    0.292077910031896260E+00
    0.186311169863915323E-02   -0.329040026051122652E+03    0.703632785968292818E+00    0.296367214031707127E+00
    0.152539625046963401E-02   -0.329040038384184868E+03    0.707703888556158067E+00    0.292296111443841988E+00
    0.124898103721083221E-02   -0.329040186056124185E+03    0.703971370260043194E+00    0.296028629739956861E+00
    0.102257932679218405E-02   -0.329040186333103065E+03    0.707362864453687346E+00    0.292637135546312765E+00
    0.101593109029758980E-02   -0.329040456604084454E+03    0.704835424928234922E+00    0.295164575071765134E+00
    0.101584114432330284E-02   -0.329040279525231199E+03    0.707145979363359989E+00    0.292854020636639956E+00
    0.101587268568500977E-02   -0.329040341623271274E+03    0.704388487501535487E+00    0.295611512498464513E+00
    0.101584160178246302E-02   -0.329040280425881974E+03    0.707132442768078184E+00    0.292867557231921927E+00
    0.101587910489119937E-02   -0.329040354261047639E+03    0.706906294581346906E+00    0.293093705418653150E+00
