	55.99995874462511
	55.3775595325339
	58.71909551736558
	53.33332935620416
	57.14285373388929
	40.0
	56.89764222792806
	60.31945650788349
	61.08848884303952
	60.44913818150373
	61.89286808193467
	51.110825003812934
	59.28363842935103
	60.142913285191504
	59.51814476157532
	61.10560147680138
	47.20305044535984
	49.45428776080604
	49.280608227123594
	52.84226932206752
	53.73313240108728
	44.22150957675619
	46.917578090748485
	51.88008901250907
	51.031753943538696
	43.90052190543232
	44.16070960408394
	36.317357159590166
	46.60737832654414
	44.34919098351532
	49.91997531737527
	29.75992595219057
	40.126629645875504
	32.15195557505061
	20.18994446881326
	23.841410881538593
	61.22103521546246
	62.776551248107616
	66.5662183168172
	64.77504742572616
	59.23870103509118
	55.15637284367124
	49.35725199881847
	62.22221989244303
	59.99999809195688
	63.99999393771244
	62.222215486493624
	59.99999433018367
	47.99999092829387
	61.09449053834377
	65.07955481009785
	68.28204864758769
	63.723150701924936
	60.00000000000001
	59.04032559577033
	63.26006949678078
	60.70512232963405
	45.12982308517886
	45.940896006442586
	53.100332794598536
	65.65711725916488
	51.928820759003145
	67.36793662929898
	64.99942474729254
	61.537761800984406
	59.99924195106644
	58.1809912193452
	45.712986873618355
	41.45655729862644
	41.98936017763841
	51.73580691602123
	61.538461491238316
	48.20278278052388
	59.99999994884152
	61.76601076268198
	66.91810764831791
	40.0
	56.327842263926485
	61.29368920428424
	47.45078311289892
	42.80089498617019
	58.945844999129704
	67.99478487778404
	59.02752050133113
	54.36696950162694
	47.043246502091776
	42.02818858266713
	47.998085235234754
	64.67008076710992
	69.99887229865628
	69.16094331041784
	68.71115928806053
	49.87911020928743
	64.99830891299784
	64.06021118827418
	63.693897162766056
	58.954335228596534
	61.22858600509233
	57.07283468825298
	59.6933980744854
	62.01881394242129
	21.55243727647718
	66.50578900365399
	67.65665764533507
	58.181818160033
	58.30088552678322
	55.999999999999616
	56.328238778275605
	34.28571428571429
	42.66436991650808
	59.40436631914717
	57.94592710181152
	26.666666666666668
	38.51596657389786
	58.031324073756984
	56.567547545674735
	58.93998510087838
	61.5361471135768
	70.76923075440061
	71.11111108968984
	67.6923076923077
	70.79740043468243
	62.75502916793309
	68.92448525685693
	66.71930439603187
	47.48343584928068
	49.56413601954164
	46.659435125608
	67.32475346752689
	66.53255055924731
	67.36842105231432
