5.6000000000000005
7.2
9.59999906872859
3.2
4.0
1.6
4.799993392931788
12.47343889837931
13.27343889837929
14.073125511174007
15.672448474730906
4.553563775311558
11.67343889837931
12.473438898379289
13.273125511174008
14.872448474730906
6.073438898379311
6.8734388983792885
7.673125511174006
9.272448474730906
10.146250469328987
5.273438898379311
6.873125511174006
7.67343889837931
8.472448474730905
5.273438898379288
6.0731255111740055
3.6734388983793105
6.872448474730906
4.799686612794695
6.399009576351595
1.5990095763515944
2.4728115709496756
1.6728115709496756
0.8728115709496755
1.8536311880049912
12.424575474734745
10.399999420378627
11.833669021064251
10.233669021064252
7.0336690210642505
7.6875566858285245
3.1999955511127336
5.6000000000000005
4.800000000000001
6.4
5.6000000000000005
4.800000000000001
2.4000000000000004
7.195202261625035
7.999999532180914
27.82505645271691
7.1999995321809145
9.600000000000001
7.199999996943379
18.225056452716913
10.225056452716913
5.59839687610377
4.799999921377292
7.1999999032317765
19.19999992137765
4.706144461191071
12.8
10.4
8.0
7.2
6.4
3.2
2.399895298428922
3.0410155963432857
4.799999971874807
8.0
3.999999971874807
7.2
7.199111529217018
18.39987893083899
1.6
6.399999072833237
7.999999999999992
3.999999072833237
3.1999990728332373
6.936330547810761
9.599999999923096
6.967610324523406
5.3676103245234055
3.7676103245234054
4.761333538242687
4.800000000000001
8.79934713766993
16.8
17.59993939610677
18.385660721306092
4.0
10.4
11.19993939610677
11.985660721306093
7.1999999967575565
7.999999999999995
6.399999996757558
7.199999999999995
8.799999997842075
1.243437880731938
20.726362624778023
17.6
6.4
7.199999074814284
5.6000000000000005
6.399999074814284
2.4000000000000004
4.794009712118652
9.599999999998731
10.391802062196017
1.6
3.994009712118652
8.79999999999873
9.591802062196017
6.391802062196184
8.0
18.400000000000002
12.8
8.8
17.58045233587426
9.135860501187853
11.999999223973122
12.564117684813127
2.399999999999999
3.1999992239734634
3.7641176848134665
11.998183295876593
11.198183295876593
12.8
