4.480133333
4.523
4.9545
1.481833333
2.0524
1.1236
3.2313
4.6927
4.9594
4.9919
5.46445
2.896033333
4.192
4.4408
4.4172
4.6793
1.9453
2.2572
2.3228
2.8612
2.7473
1.862
2.2968
2.7979
2.8468
2.2884
2.2704
1.824066667
2.7766
2.5241
2.7791
0.6764
0.6963666667
0.1343
0.08556666667
0.07026666667
4.775166667
4.5755
4.907466667
3.7666
2.969066667
2.267666667
0.1878
1.562266667
1.470866667
2.767533333
2.640666667
2.3514
1.918166667
2.150866667
2.5636
10.54973333
2.3454
5.3576
3.449466667
8.7461
6.1418
2.3644
2.208266667
3.636
10.565
3.5232
7.910533333
6.064133333
4.145333333
3.4218
3.1198
1.741333333
1.671466667
0.3579
2.962866667
5.410133333
2.597633333
5.030733333
5.353533333
5.2764
1.750333333
2.7766
3.2274
2.9768
3.2704
2.033133333
4.5975
4.6163
3.2841
0.3757666667
2.873333333
2.012133333
2.900066667
5.3488
4.9927
2.3748
1.839
3.350266667
3.629066667
0.9666333333
0.0156
-0.02233333333
5.690933333
