4.05328360229459
4.6230245792127125
5.946766181369464
2.477324637351599
3.1299999237057805
1.4521030873297098
3.7225047268294404
8.498534670594095
8.569373715997257
9.318755039386994
10.63145861580211
3.5334335668214503
7.698534670594097
7.769373715997261
8.518755039387
9.831458615802115
3.5966682729327895
3.6675073183359537
4.4168886417256905
5.729592218140807
6.986777096904479
3.084920274524563
3.9051406433174645
4.508837658271674
5.21784421973258
2.873709373934309
3.623090697324047
2.719978843414899
4.852902788622917
3.5387072806767934
4.85141085709191
0.8109321833670582
2.0681170621307294
1.2682644962749694
0.8001067588707846
0.8105610195810551
8.56078702760511
7.8503154481503445
8.704476143862848
7.544088794451288
5.132643958726736
4.496291444292527
0.7956338040493041
3.5993928480140767
3.3671929837273846
4.5825351819078355
4.259451303027265
4.039015380807601
1.8071347334379142
5.085326339359362
5.492088456385051
24.109462806675204
4.692088475779012
8.841634836177839
6.077279723671071
16.582324754789497
9.575319114490974
2.8773696081353717
2.8670818188795937
5.230260019481508
15.476931003768778
3.7852157719122257
10.275475750643198
8.085008841248236
6.297437847054053
5.497547237269356
4.697547237269356
2.2925412591349583
1.6147530332192073
2.1436062569996936
3.4126202397213143
6.441987886304759
2.631820207283573
5.661187853867017
4.516015743397608
15.054649936515222
1.4943938542507045
5.594759148151187
7.091593730153851
3.2091401987229284
2.4219152559361534
5.862864525500913
6.621543012822544
5.602590966049449
4.308751312813514
2.7087513128135137
3.2817223210522672
3.5902105102827044
5.324702879776689
13.97236321189978
14.665298650027076
15.226465792276423
3.2470253347557883
8.845604861809225
9.53854029993652
10.099707442185869
3.8774629064810813
4.635352110720705
3.7918307965237776
4.549720000763401
6.0483595808504385
0.17260696135167422
14.857999905357865
13.583965190378422
4.990181569697515
5.37962841214228
4.72169735862026
5.111144201065025
2.2094160304278243
3.0704430380054064
6.525324252981719
7.266598567695195
1.5942889837806116
2.455315991358194
5.910197206334506
6.651471521047981
4.2042715344204
6.776685290935038
16.562170537815405
11.501443078702692
8.31743447786866
14.495573693926847
6.745716699837317
7.774325605334818
8.423996203034614
0.36755520346116416
1.029515768735873
1.6791863664356683
7.4418380372314665
6.774233443181522
11.294336202838162
