3.6763570965664294
4.8608108966175125
7.128716155396922
7.846693668108599
3.9287161981136403
3.12871619811364
3.0466937108253176
6.119322614854354
6.505322526077785
5.705577527282623
3.1539241991566316
3.5399241103800634
10.156648857501686
13.295976941434441
7.990995440599128
10.330578525736719
12.529103103587898
14.33122899728432
5.3311754783172525
4.531175482210055
9.596138918251127
16.711644739515066
15.911644739515067
13.511644739515067
7.1943438644137565
9.011691146548614
6.611691146548615
5.811691146548615
5.011691146548614
4.318829388620718
5.066514041082402
6.361896265442553
7.9449816817709795
8.669273126220592
7.86927364286926
7.06927364286926
5.46927364286926
10.999205298266126
10.199205298266126
9.399205298266125
8.599205298266126
