3.363317518025995
4.881800297652346
5.7019906633033735
6.007900526295517
2.501997143122985
1.701997585500757
1.2079074484929
5.2373967259550795
5.259056623216175
5.185639804904948
3.1840927631025413
3.205752660363638
9.042937922563587
9.740475283216064
7.063050778022277
7.687171320363525
8.02542376589276
9.555105715078332
4.326329272839507
3.5272044204148543
6.469915501335379
11.837001404468015
11.037001404468015
8.637001404468014
6.968431818283062
7.2158058792735025
4.815809236683411
4.0158092366834115
3.2158092366851267
2.026658087793173
2.3632508305702644
2.8719995872622537
3.9918654886865177
4.994203406775324
4.7049239086562995
4.640166932356706
4.525956633325133
6.775033432037181
6.7102764557375885
6.607630437591379
6.596066156706013
