3.3576529062950216
4.907958321066963
5.7673825353940575
6.157003599223856
2.572942362970808
1.7729428102530003
1.3625638740827992
4.134063270988283
4.618447717467686
4.5657568219420375
2.7368118049937027
3.221196251473106
8.698214837176721
9.161186170445626
7.35365426670779
7.763934704451045
7.668374840986985
9.04584548783584
4.190947095023992
3.3910004442699204
6.719041827393366
12.042275282868955
11.242275282868954
8.842275282868954
6.768696129517261
7.228798683706896
4.8289096683975075
4.028909668397508
3.228909668397508
1.7851510307208942
2.230189257352626
2.832687590708656
4.365582452510961
5.330337354970578
5.237606591694408
5.172690168627742
4.751152973056283
7.700446228506644
7.63552980543998
7.494172671833924
7.213992609868521
