3.1816243407844187
4.674006786863774
5.345877567124787
5.8324501753183
2.2835520909766536
1.4835821493998775
1.1701547575933913
5.010173489114364
5.031849705803982
5.0049427762198295
3.185896637492611
3.207572854182229
8.311050381910814
8.847020244919568
6.513680459873213
7.022743393297816
9.326001735481027
10.928448945356118
4.779957305709412
4.05290838947562
6.0289793223283406
12.539217706526072
11.739217706526071
9.339217706526071
7.060928446406869
7.2456196382411635
4.845619638241165
4.045619638241165
3.245619638241165
1.8981793620408298
2.3430934412886653
2.7730343769906685
3.9279414363641703
4.891822759465674
4.825768751207839
4.6557611679917965
4.305075829140819
6.819207538975366
6.6491999557593235
6.507805027962767
6.298514616908347
