3.869273600152541
5.528714808354975
7.933301333189758
8.403433972528504
4.733301375906476
3.933301375906476
3.6034340152452233
6.385896815089403
7.11201918330431
6.31201918330431
3.185896815089403
3.9120191833043094
10.639565360342965
13.671583108144166
8.239565360342965
10.471583108144166
12.427550737739562
14.167424149426191
5.22971243337702
4.429712437269822
9.58255851116763
16.606598294561024
15.806598294561025
13.406598294561025
7.175801344325267
8.815347136047723
6.415347136047723
5.615347136047722
4.8153471360477225
3.8307972884544323
4.577637665380507
5.9337762738713895
7.074329180002045
7.951539039521826
7.573985267430595
6.779659469174084
5.179659547741658
10.287875470064119
9.493549671807607
8.69354975036248
7.893549750375183
