3.3651132201446963
5.165999930058463
7.182932564765872
7.951200898553676
3.9829326074825917
3.1829329778869493
3.151201311674752
5.633314239124942
6.359436607339848
5.75149091822477
3.185896814783641
3.9120191829985482
10.4427658345193
13.172738256781324
8.603294099293077
10.725320832440024
12.254319292966768
14.05644518666319
5.054319292966771
4.260852040389427
9.596138918251127
16.535970982298306
15.735970982298305
13.335970982298305
7.176275695918459
8.80471534239538
6.404715342395379
5.60471534239538
4.8047153423953795
3.687502959254434
4.323683473128088
6.361199546834817
7.944284963163243
8.668576407612855
7.868609105169289
7.06927353879408
5.46927364286926
10.998540760566156
10.199205194190945
9.399205298266125
8.599205298266126
