3.339822052229125
4.858263544732786
5.781336560207823
5.909281089063092
2.605247455832075
1.8052478806342205
1.1331924094894885
4.955456432099704
4.990729773049945
4.937948819494714
3.1858809667361943
3.2211543076864353
8.487971128465507
9.479056373699441
6.771176616657226
7.709480908335933
7.759102413114113
9.227002048952931
4.3580954260687035
3.627610122153884
5.996414838752583
12.474039503324082
11.674039503324082
9.274039503324081
6.432949739444196
7.15566511930918
4.755665139938653
3.9556651399386533
3.1556651399386535
2.022294776589994
2.4870515701244584
2.628398678092839
4.211750111410711
5.12773476881711
4.655480202668836
4.590572932600702
4.5250999224661115
7.029604212661539
6.964696942593406
6.9109867219087455
6.899223932458816
