3.3394705565928207
4.889859055221509
5.76886359222495
6.073156070550251
2.5926865178138296
1.7926869615314136
1.296979439856716
5.134527390352702
5.159263501724405
5.106553271553321
3.1858966404869706
3.210632751858675
8.832459431305363
9.418853953625842
6.936538911610717
7.470223203760111
9.639828169986117
11.064604151214319
4.973401564222188
4.174284372463939
6.516851907786929
12.633793674709572
11.833793674709572
9.433793674709571
7.061212564404641
7.2476576639454
4.8476608172881654
4.047660817288165
3.247660817288165
1.853629820392592
2.283813594100081
2.5891584526601523
4.149053349151401
5.065695338424894
4.999325751462587
4.9342753428731445
4.628713586780036
6.971363258749498
6.906312850160055
6.713752263119344
6.600751094066945
