3.362613749393823
4.881130052694944
5.806187327522698
6.037380404557805
2.6070900762609015
1.807090510278119
1.2382835873132247
4.499592753717782
4.983961735860361
4.931324610009274
2.7368276233209325
3.221196605463511
8.866368256964604
9.316921169491655
7.15624025241884
7.5541560390948055
7.707600827171323
9.146610623895228
3.5164755465937447
3.4914966989116056
6.678716763671921
12.00505451207421
11.20505451207421
8.805054512074209
6.866372394708231
7.267807198182457
4.867807198182458
4.067807198182457
3.2678071981824575
1.9010227871902226
2.330981470428039
2.8258948634765866
4.492028444100467
5.4080131015068655
4.834037359120394
4.787558541468983
4.668385306990678
6.810363952567416
6.763885134916004
6.6609779267118645
6.644711900437699
