3.578495583829863
4.842650703837549
6.962655207304573
7.66947721951791
3.7626552500212918
2.962655250021292
2.869477262234629
6.273919108769944
7.000041476984851
6.305463594732708
3.1858966506919373
3.912019018906844
10.996738511027237
13.813343126426327
8.603293935201371
10.725320668348319
12.53117547831725
14.333301372013672
5.3311754783172525
4.531175482210055
9.085732400834127
15.833215984971595
15.033215984971594
12.633215984971594
7.175872428575594
8.48654494403771
6.08654494403771
5.28654494403771
4.48654494403771
3.55681251703475
4.297850481502887
5.495694972813346
6.727774861815594
7.711553031728068
7.336046857939093
6.963674498612917
5.377754841005943
9.600638939401312
9.228266580075138
8.44223190822677
7.642346922468161
