3.2816243652172568
4.743270055103623
5.637801922212284
5.8670090486631565
2.5766795415367025
1.7766795427042936
1.2058866691551662
4.933575986731748
5.051648755329461
5.014027915719783
3.1858966393044383
3.3039694079021515
8.218345557571185
9.287258018764279
6.5082870497535525
7.539578671336969
9.135171350181137
10.525523279946837
4.850860163383821
4.051741366706986
6.47240760335809
13.048938204929227
12.248938204929228
9.848938204929228
6.700310111615434
6.906809052653893
4.506809070749009
3.7068090707490087
2.906809070749009
2.00550767023188
2.450364030154155
2.304345454179213
3.8807198657949438
4.798093889043544
4.750534807287155
4.685675586151816
4.3731968570776445
6.942568087527647
6.877708866392306
6.77488571487805
6.565230137318135
