3.1315244723761086
4.650868068012499
5.50838988610711
5.811824112657705
2.53976471147298
1.739765172860686
1.243199399411282
4.940642232440274
4.962310641327295
4.924782713909437
3.185896813811388
3.2075652226984093
8.210269262114403
9.233470085111088
6.493051770903375
7.4787246664822025
7.905187883291629
9.475289108030895
3.9842401429238423
3.9348383646168545
6.6640212533861005
13.338760560004994
12.538760560004995
10.138760560004995
7.061511015170805
7.239505717408291
4.83950573653919
4.03950573653919
3.2395057365391895
1.9836424585344705
2.448424072528649
2.917017403260873
4.048008713870676
5.012472509179496
4.537760034836242
4.491239054786954
4.343373575490644
6.6516529286653086
6.605131948616021
6.5024207128021505
6.457266469319712
