3.313733161495462
4.810953338175209
5.498629177657219
5.8889687725781
2.3040769585584795
1.5041073473079931
1.0944469422288747
5.214505228524406
5.233953070419144
5.181526789145753
3.1858966386653393
3.2053444805600777
8.86612550515574
9.958706761940812
6.889943196570065
7.930098172081748
8.492854019682339
10.03440198007575
4.301575660261683
3.5024067118317816
6.429199115931576
11.503812564678098
10.703812564678097
8.303812564678097
7.061627604824955
7.239811820041831
4.839811820052841
4.03981182005284
3.2398118200528403
1.8785416589055641
2.317287347055065
2.749060284093364
3.931953263061654
4.7838776716044125
4.736155252870714
4.646060700021881
4.350363864270569
6.855835213570228
6.765740660721395
6.624398926006368
6.470043824970083
