3.260237298879905
4.712766842700597
5.415600345163838
5.805169659591787
2.319312229576428
1.5193126453649581
1.1088819597929056
4.411423811269922
4.889641328156369
4.852115905318263
2.7368274471779017
3.2150449640643495
8.591998560199059
9.138529773026795
6.954927618945146
7.463933408934775
7.348316411260175
8.918806888459745
3.8945575305540965
3.8451516239664287
7.063552622332627
11.763623169303848
10.963623169303848
8.563623169303847
6.866393370410693
7.228272834798687
4.8283788670361005
4.028378867036101
3.228378867036101
1.8730009973494604
2.3014106050838854
2.948343252536148
3.6786726291267557
4.643945622922349
4.264971085297071
4.231849123720215
4.0442504152240435
6.405545419669449
6.372423458092593
6.29844095841271
6.184824749596422
