3.3402209251143513
4.858301254449169
5.7353250251248244
6.039260326088582
2.559033111303039
1.7590335279244003
1.2629688288881586
4.892333745395889
4.914007443707578
4.840754830797942
3.1858810473067214
3.2075547456184097
8.677899004186981
9.236687388456534
7.044698919007451
7.530234690367365
8.660363508217399
10.203485025147781
4.466286235850059
3.6929375280188035
6.7267683420759745
11.59527122825035
10.79527122825035
8.39527122825035
6.566914018623288
7.211924427122449
4.813970884354763
4.013970884354762
3.2139708843547625
1.8731397779982708
2.3030203789983306
2.4822394163696253
3.4885406986579977
4.431720428886845
4.2583099651212315
4.211778076784541
4.114424724861195
6.061007480098499
6.0144755917618085
5.9400834409548215
5.917122239838462
