3.2964419175756428
4.7934922465451155
5.477571448905673
5.708326106742323
2.300512869969608
1.5005426939373963
0.9312973517740453
4.607684396470659
5.078400028825699
5.004768817089914
2.736811909395268
3.2075275417503075
8.281826585298072
8.778197272389027
6.484585309958465
6.9073247853136355
9.669711394113818
11.38733372995063
5.03869504600651
4.239555055213903
6.985202632193057
12.529707829960266
11.729707829960265
9.329708115524602
6.925455000401825
7.239829634279822
4.839829634279822
4.039829634279822
3.239829634279822
1.96762171669856
2.432367832265326
2.8867594857081174
3.728738294912055
4.646133587707601
4.0722738075330485
4.048638848406099
3.9580186134374173
6.20911381677125
6.185478857644299
6.1110900523181835
6.09485862267562
