3.3140187934417584
4.876746018635564
5.736827867033473
6.126736341387271
2.5422312401622698
1.7422609569687737
1.3321694313225703
3.997576762334732
4.787091216934899
4.734309373609773
2.4570345452786038
3.2465489998787707
9.215789178432976
10.308463028630548
7.728028804701973
8.767920811574418
8.562954252572409
10.118136017611484
3.5310304872348413
3.4816739602992692
6.8083716148373306
12.099180873361258
11.299180873361259
8.899180873361258
6.967851507388774
7.240665456056073
4.840668876164786
4.040668876164786
3.240668876164786
2.0418189619115577
2.4717311100564556
2.621347954343593
3.6551831055572457
4.653802055662782
4.561501569834971
4.471459795903074
4.345817284010798
6.781283230258649
6.691241456326752
6.588621738765173
6.565598944434476
