3.362797835420314
4.913330774935003
5.792329805107318
6.023575167420855
2.592547811604913
1.7925482676974003
1.2237936300109382
4.9301476774890585
4.951808220068649
4.9142522472694035
3.185896636863759
3.2075571794433504
8.744942108331115
9.2922925906061
7.038247040505062
7.548041549980801
7.763441857375594
9.201190953784195
4.198112020305436
3.3990158739416616
6.141703210135893
11.320203873824667
10.520203873824668
8.120203873824668
6.866330608245405
7.23902732523576
4.839140855713371
4.03914085571337
3.2391408557133703
1.973174302715226
2.4262528498997087
2.938561127985707
3.915042525780799
5.112804656954174
5.046512994455845
4.956263714026666
4.8215158581987225
7.058568018841453
6.968318738412276
6.865701252178183
6.833570882584332
