3.195753158273202
4.810844456982449
5.665835213192095
5.838038703035139
2.532471732044477
1.7372376424888185
1.109441132331862
5.048943535914496
5.116927636151498
5.043675005144382
3.1858966408614764
3.2538807410984782
8.898791654866171
9.58620321804033
7.108997390820267
7.723156322987309
8.404386555822787
9.951611478929712
4.8739461573614555
4.074000528899677
6.258020246263739
11.724996216437399
10.9249962164374
8.5249962164374
6.966793547520104
7.209473052308514
4.81114389170028
4.01114389170028
3.21114389170028
1.7689079594315071
2.2332596029480656
2.7995858280197647
4.379836307278555
5.384049491536858
5.095602826676893
5.062456823118026
4.831836335503214
7.059376624027864
7.026230620468998
6.952057626284201
6.795610132854185
