3.296010918428269
4.85861953200708
5.707414992385377
6.011368341377972
2.5309677846869025
1.7309971140443434
1.234950463036939
5.070371988996562
5.092032213548425
4.990089456626173
3.1752172027172305
3.196877427269093
8.745623075188162
9.347764951926452
6.952411045831082
7.452610165647122
8.364296586638815
9.85096565276761
4.272979099706683
3.479503470330229
6.420183250331911
11.891227420573514
11.091227420573516
8.691227420573629
7.061533814705337
7.25271327789418
4.852716185245436
4.052716185245436
3.252716185245436
1.9350735885375174
2.388236932026217
3.076911152221532
4.746651297844228
5.59143315308104
5.016251720776438
4.951250569066353
4.599812655582627
7.267034946751529
7.202033795041444
7.06035252881021
6.8505958815577195
