3.2529246860689014
4.7451428851207025
5.387910917634037
5.692147256366319
2.254411121557338
1.454440830861703
0.9586771695939853
4.46791463127267
4.489573347907037
4.45207612509092
3.1858966383210263
3.207555354955394
7.563252614727336
8.110211702375901
6.3187318445918095
6.828193709424255
7.765368346417586
9.309376595845839
4.211170387620803
3.4173607127991987
6.4048603638896555
12.061480875467742
11.261480875467742
8.861480875467741
7.061294039463444
7.277253367867364
4.877253385741682
4.077253385741682
3.277253385741682
1.989428737588195
2.4178399925061416
2.7009331708682427
4.068263058046977
5.11955167407645
5.05350608279311
5.020395448969568
4.914277929801902
7.279493103106116
7.246382469282574
7.172362665983747
7.140264950114908
