3.31167856676981
4.905559460391982
5.7608928626222085
5.992408415396016
2.568492130216409
1.7685222472900493
1.2000378000638574
5.039505199340792
5.064257954659716
5.0268435749810045
3.1858811149398933
3.2106338702588184
8.9527223329466
9.485292789082493
7.136512628224415
7.631668704681593
9.51723881061385
11.06231291863133
4.885123033204387
4.085176717477471
6.170605151393926
12.708932021855396
11.908932021855398
9.508932021855397
6.824083974890431
7.180321917810943
4.780321936387863
3.9803219363878632
3.1803219363878634
1.969991341617211
2.3241024764802747
2.9088299617159112
3.983704411920497
5.181165454361646
4.890614010112213
4.800518785127687
4.489380971263695
6.832810150774939
6.742714925790413
6.64016242469291
6.43157711192642
