3.362920135924946
4.882013707867305
5.776735829078716
6.006304548276924
2.576775278280355
1.7767757369213761
1.2063444561195849
4.42281079573443
4.901030418396935
4.848443483639693
2.7368274478419674
3.2150470705044727
8.675606303470028
9.277497827893729
7.042209890334809
7.5915144800012655
8.605725433653362
9.659425907982747
4.460827574960706
3.6608809409467677
6.946898668579691
12.582288076251047
11.782288076251046
9.382288076251045
7.0612009702394944
7.276584966477086
4.876584986168037
4.076584986168037
3.2765849861680376
1.864996055382008
2.3099284423290842
2.321173075658578
3.749358153512487
4.717571077464365
4.625737008458265
4.501232879197637
4.2974218659074825
6.61755490786245
6.493050778601824
6.300687777481986
6.2892397653116685
