3.2954895789325835
4.8586721542907085
5.770275495280811
6.160223314803861
2.5937345845753725
1.7937656344592992
1.3837134539823497
5.017596862936135
5.1068068799479915
5.069204790964839
3.18589664100433
3.2751066580161865
8.905148534524233
9.997989491722466
7.111050401575581
8.16628926979066
9.68466317927519
11.126633687448361
4.938463746303491
4.1393472390160895
6.007198935265244
12.56647031247443
11.766470312474429
9.366470312474428
6.6793730886731995
6.91130605632886
4.511309401312469
3.7113094013124694
2.911309401312469
2.006543572615143
2.4599561144305206
2.411789613471768
4.1371952907474165
5.178933159982094
5.145090297741461
5.080293429007858
4.851592750978828
7.157179366031696
7.092382497298091
6.9511447971529865
6.863681819269061
