4.356866667
2.259933333
2.7153
0.7188
0.7430333333
0.5497333333
2.515466667
3.9049
3.7841
3.8643
3.8012
2.093933333
3.2991
3.2431
3.2395
3.2064
1.731
1.6824
1.7052
1.8014
1.9417
1.6756
1.7039
1.8327
1.755
1.6049
1.565
1.616533333
1.7199
1.7706
1.7185
0.1923333333
0.2443
0.08043333333
0.05596666667
0.0841
1.763833333
1.8697
3.257466667
2.9957
2.338
0.9952666667
0.1203333333
0.6064666667
0.4745333333
0.8998
0.8683333333
0.771
0.8529333333
0.8810666667
1.0736
6.5476
0.9893333333
3.2263
2.580466667
6.2253
4.124533333
0.2916666667
0.2661333333
1.488933333
6.161
2.1498
4.991266667
4.084133333
2.7416
2.028933333
1.691466667
1.112733333
0.6969
0.05753333333
2.331733333
4.673
2.325866667
4.725466667
4.870666667
3.9134
0.595
0.9654
0.9849
1.0473
0.9946
1.308266667
1.8584
1.9846
1.5852
0.0996
1.578
1.3874
1.601466667
4.1858
3.7956
2.183266667
0.7595333333
1.522
1.729133333
0.6542666667
0.01486666667
-0.0132
3.103333333
