5.535558793729905
6.882027275562791
8.678954896524546
3.1650346317957765
3.965034594489561
1.5999999626937842
4.17306924294905
11.562858571160971
11.945264051138258
12.483481886209404
14.066971971832846
4.019347074552068
10.76285857116097
11.145264051138257
11.683481886209403
13.266971971832845
5.333239986337112
5.715645466314399
6.253863301385545
7.837353387008989
9.334681614343829
4.5332694925474355
5.453892807595869
6.728500836025555
7.037382893219314
4.126028037603311
4.6642458726744565
3.2115633949009794
5.715676795572857
4.117391978618969
5.700882064242414
0.9041399833538002
2.401468210688641
1.6014682106886409
0.8015888550630331
0.9006981087947278
10.355540276331547
9.225393229000366
11.125641669411557
9.525721505986832
6.32852132527082
6.2217510458738445
2.5159095164456886
5.537655970680398
4.763606429270919
6.323636093188991
5.528171436295484
4.760028424257062
2.3600285232663074
6.471135458233203
7.396041668748589
27.184254466159263
6.596041668748589
9.599985276099988
6.66576972093185
17.594967762322845
9.624938818982535
3.8824558131900817
3.7853317081734503
6.0732979084566
18.43433980271423
4.034928777962769
12.606628792811671
10.206628803490942
7.854468240594464
7.054468240594464
6.2544682405944645
3.0793989421772516
1.735964490684596
2.426471716406295
4.224201074758251
7.9784574785890285
3.4242010747582508
7.178457478589029
6.2065614346986315
17.53363205934222
1.599999999667339
5.798238034992991
7.591357746921105
3.398238034992991
2.5982380349929906
6.4182831369401505
8.762670252472807
6.420088974732433
4.820142885998142
3.220142885998142
3.7575070184212054
4.644250379123256
7.973825394613761
16.598465180604826
16.893305396051975
17.614112656987484
3.68114896894597
10.226103971441557
10.520944186888707
11.241751447824214
6.10399058935885
7.033410391907528
5.561865666110537
6.491285468659216
7.966383772499537
0.7414285807898646
18.78404030961443
17.223201784238828
6.384911862463681
6.583506830389744
5.598319486295636
5.7969144542216995
2.3999996525247242
3.642054883624586
8.671356347243336
9.197040079779901
1.6
2.8420552310998617
7.871356694718611
8.397040427255176
5.632538561160633
7.844106690913353
18.38380434114587
12.784954981733549
8.799776981952435
16.093272360516554
8.037740239145325
10.140094633299109
10.75972773496802
1.8260616278140398
2.111376906046448
2.7310100077153603
10.53090199785243
9.730902010181186
12.789785993555713
