	3.9483248565380276	3.948246159201474	3.9485416384728347	3.9833031865486492	3.948751240240271	3.99999999971002	3.99963387012711	3.9999846254462668	3.950069582263346	3.948354568544934	3.884790618567172	3.9479393706972923	3.884550889225709	3.9489598527774747	3.9489404248812585	3.8849620698168064	3.8850407975443617						3.948053807463599											3.6980507357682337											3.8853273752656245											3.8850463177150747											3.8847478991007884											3.9479987276754693									3.8840773498092336
	5.47285139774046	5.472486704511456	5.381595173226437	5.38201255762954	5.382111616187908	5.5999999999998	5.185461794684866	5.2902034933808295	5.599480144340582	5.380768698401903	4.929755437931341	5.3823606855403545	4.976360354746523	4.976815153892204	5.381509453243314	4.976665755352682	5.38212707220928						5.472554987536223											5.382373806651241											5.382209172647508											4.9293617935073675											5.4717497484815105											5.381669557486401									5.382065819701543
	6.788096820136616	6.650645134835314	6.8658981965393	6.676923142483421	6.842819634527391	7.999999999999909	7.8827762751762895	7.795602803035016	7.6986021215694365	6.451995486789592	6.85300574328388	6.621263000696998	6.435959204454798	6.575261479167121	6.518828198415746	6.389502519586251	6.648698864228551						6.89014553356748											6.589513682030122											6.547419293743494											6.810814092035624											6.789580783875251											6.676999713830245									6.81428640683215
	7.555864424032653	7.373367543756732	7.6429558485674285	7.433874128598456	7.556434382393732	8.799823885276998	8.254885097273771	8.05324320260869	8.335912207023595	7.219572582698028	7.547238579024738	7.377394744834941	7.16707376018719	7.306517944683307	7.274850339189715	7.154874614317265	7.37985150508779						7.6671477367233285											7.3391128316665535											7.303479011715055											7.566788260932796											7.55499970677644											7.434014883927498									7.545519103301064
	3.588096820136616	3.450645134835314	3.6658981965393007	3.476923143082653	3.6428196345273913	4.79999999999991	4.6827762751762885	4.595602803035016	4.498602121569437	3.2519954867895913	3.6530057438237034	3.4212632721993432	3.2359592044547973	3.3752614791800064	3.318828198415746	3.1895025195862505	3.448698864228551						3.6901455335674798											3.38951368203021											3.347419293743494											3.610814092035711											3.58958078387525											3.4769997138302444									3.61428640683215
	2.7880968201366163	2.6506451348353144	2.8658981965393004	2.6769231430826532	2.842819634527391	3.99999999999991	3.8827762751762886	3.7956028030350155	3.6986021215694374	2.4519954867895914	2.853005743823703	2.621263272199343	2.4359592044547975	2.5752614791800066	2.5188281984157457	2.3895025195862503	2.6486988642285514						2.8901455335674804											2.5895136820302103											2.547419293743493											2.810814092035711											2.78958078387525											2.676999713830244									2.8142864068321503
	2.7558644240326533	2.573367543756732	2.842955848567428	2.6338741291976886	2.7564343823937323	3.999823885276999	3.454885097273772	3.253243202608692	3.535912207023595	2.4195725826980277	2.74723857956456	2.577395016337287	2.3670737601871887	2.5065179446961925	2.4748503391897145	2.354874614317265	2.5798515050877895						2.8671477367233273											2.539112831666642											2.5034790117150543											2.766788260932883											2.754999706776439											2.634014883927497									2.7455191033010644
	6.046901628609948	6.028843292984286	6.042053281156762	5.947878093162676	6.030652463805437	6.4	6.399999999978062	6.399999680852172	6.397886756406916	6.1476335293726985	5.869036356078472	5.934074425215545	6.044955947488095	5.932703051311668	6.130662589877474	6.147384919248938	5.7174844358602215						5.947448250657148											6.144020253263414											6.240761376818271											5.933478514237411											5.933016610868032											6.028633373153514									5.950721136882581
	6.165570507985864	6.250495117547655	6.263567009607906	6.597373842500161	6.250795120119848	7.199999999997496	7.199999999975559	7.1989530205750745	7.1978867564044124	6.233748234470837	5.955327460635001	6.020281138901244	6.106786889734844	6.096827737687044	6.216926475469187	6.234488948958838	6.501373428280637						6.033569931870727											6.597516511823163											6.32687962005026											6.01958045619179											6.051857862129175											6.192778565893332									6.5056465824288
	5.718654953816117	5.803689203323014	5.817066168314075	6.246183650860115	5.80347878434244	6.399999999997497	6.399999999997497	6.398953020575075	6.397886785720017	5.685767786223285	5.685957105501823	5.669747752184489	5.661484649151624	5.746312068266817	5.6696303444445055	5.685617584398662	6.054052052932781						5.682838196966593											6.050220305284441											5.6827281089229915											5.669264316782488											5.7021283512575165											5.746562711692498									6.154588869807127
	3.2	3.198865193159998	3.198865193159998	3.2	3.2	3.2	3.2	3.1999999999999993	3.2	3.2	3.2	3.2	3.2	3.198865193159998	3.2	3.198865193159998	2.8706691930452397						3.2											3.2											3.2											3.2											3.2											3.198865193159998									3.2
	3.3186688793759163	3.420517017723366	3.420378921611141	3.849495749337485	3.420142656314412	3.9999999999974962	3.9999999999974962	3.998953339722901	3.9999999999974962	3.286114705098138	3.2862911045565286	3.2862067136856994	3.2618309422467484	3.362989879535374	3.286263885591713	3.285969222869899	3.6545581854656555						3.286121681213579											3.65349625855975											3.286118243231989											3.2861019419543798											3.318841251261144											3.3630103858998157									3.754925445546219
	10.428921567677689	10.391231336582683	10.39953899129602	10.195724519578429	10.350279783379172	11.188823397901594	11.199999960932216	11.10897973360278	11.197886746654737	10.456634785830099	9.872774779971898	10.059375905119238	10.652651637419318	10.41069230006257	10.423683497226785	10.152414518731668	10.656358381807529						10.425398534280742											10.45385887025862											10.42527314530947											10.290358348591688											10.403957971945433											10.424211364294178									10.656079325246978
	13.074054390748598	12.611303346406473	12.92783495758863	12.391176256096152	12.729541878954539	14.140249643773416	14.398476606104921	14.142566428153993	14.396363362533775	13.143680258598293	12.240968707940937	12.511406414945734	13.042906152763008	12.859383310017092	13.092964725255516	12.490846660078539	13.051455080461736						12.87563489061224											13.041836968220373											13.065271515209758											12.739349305568352											12.88428020737144											12.90138365065877									12.956299447054091
	8.028935493237487	8.008059150983035	8.002851744593084	7.799036618055799	7.966943655351145	8.788823397901593	8.799999960932215	8.708980052750608	8.799999960932215	8.056981704704953	7.473108779026603	7.675834866620446	8.252997930514441	8.027370111331125	8.040317038373992	7.752766157202903	8.256864514340402						8.028682018527729											8.057134823533927											8.028663279618467											7.90719597376358											8.020670871949061											8.040659038501495									8.25641590098607
	10.227152762138651	9.781325246582185	10.084646869591866	9.643298162933476	9.898889415149103	10.940249643773415	11.19847660612686	10.94256674730182	11.19847660612686	10.196046729225595	9.571932351862467	9.77733198973019	10.197950205274914	10.12554545186542	10.162302135378043	9.542326933989598	10.204639837646754						10.12818663995509											10.09781671495696											10.024510138391491											10.005870791330942											10.151263596503409											10.071615470665256									10.20557831017151
	12.483298406026051	11.347626256120408	11.105200463014015	12.05986697765453	11.530262058996378	12.799922646557713	12.799998341801002	12.799998341801002	12.799998340833787	12.243115996019803	12.061935051076462	11.394507475020983	12.193940924905824	11.37505595343211	12.278283015334054	12.073663879900842	11.95219200294388						11.746438529976206											12.002793046220546											11.929996861547702											12.083644298548073											12.281564372124649											11.89597684019082									12.344342377088516
	13.494696324845817	13.301517712378965	12.191346809318436	13.280517559618927	12.758403154876952	14.399999739312674	14.39999999999991	14.39999999999991	14.399999999032694	13.51805949671242	13.729548265201348	12.855789353230373	13.485988607360287	12.834192598199463	13.642430388856674	13.68101063312548	13.41650404417777						13.310774333129357											13.29635583137066											13.064391682761588											13.450380936331142											13.651811873647205											13.262197539592627									13.496085528014053
	5.569844444762018	4.945423945701114	4.8852046919972825	5.592285272283932	5.352836533834359	5.5999226465577125	5.599998341801002	5.599998341801002	5.5999983408337854	5.431194749454255	5.248043626209987	4.979788591451628	5.33768512379361	4.980722544954127	5.448370848192788	5.592237553624099	5.061657810420464						5.0024590964794											5.350405799523141											5.43230678385751											5.431997036303294											5.444124107669129											5.35198871413423									5.570029311789538
	4.769844444762017	4.145423945701114	4.631934573950501	4.792285272283932	4.552836533834507	4.799922646557713	4.799998341801002	4.799998341801002	4.799998340833785	4.631194749454255	4.448043626210252	4.552095004368332	4.53768512379361	4.553004386447657	4.648370848192788	4.7922375536240995	4.634233655840072						4.2024590964794											4.5504057995231415											4.63230678385751											4.631997036303294											4.644124107669128											4.551988714134231									4.770029311789538
	8.768351200921343	8.402299379100462	9.10567676249318	9.380462823961258	8.542912621514704	9.600000000000001	9.597673138723506	9.600000000000001	9.600000000000001	9.37001171955785	8.62212228659588	8.738471627085096	8.555563728664914	9.395800384344572	9.146074429196245	8.878493472298905	8.675299648813429						8.302997677421692											8.747868875625697											8.573939036360168											8.8076250745937											8.472136174830537											9.181836901126626									8.60166132917786
	15.604492948949321	15.243342214168521	15.233584052061099	15.63827253406382	14.969146763395564	16.79999999997699	16.799432016739683	16.799999999997496	16.799998663937828	15.20089469023624	15.664503486122193	15.513044104565802	15.424345532053852	15.226161110038431	14.205589214325537	15.636890814694164	15.527307018130433						14.719929348918502											15.36140729660667											15.855091232412082											15.073520681160552											15.778638834211339											15.504152884000684									15.343036741696706
	14.80449294894932	14.443342214168522	14.4335840520611	14.838272534063819	14.169146763395563	15.99999999997699	15.999432016739682	15.999999999997497	15.999998663937829	14.40089469023624	14.864503486122192	14.713044104565803	14.624345532053852	14.42616111003843	13.405589214325538	14.836890814694165	14.727307018130432						13.919929348918501											14.561407296606669											15.055091232412082											14.273520681160552											14.978638834211338											14.704152884000685									14.543036741696705
	12.404492948949319	12.043342214168524	12.0335840520611	12.438272534063818	11.769146763395563	13.59999999997699	13.599432016739682	13.599999999997497	13.599998663937829	12.00089469023624	12.464503486122192	12.313044104565803	12.224345532053853	12.02616111003843	11.00558921432554	12.436890814694165	12.327307018130433						11.519929348918502											12.161407296606669											12.655091232412081											11.873520681160551											12.57863883421134											12.304152884000684									12.143036741696704
	7.19999999940559	7.199519084045237	7.199977861209958	7.1999432549266205	6.717057012379126	7.2	7.2	7.2	7.2	7.199999723254092	7.199999999390646	7.199999999420583	7.1999999994264074	7.199978137287731	7.1535817374905735	7.199999715695618	7.1999997148169035						7.199977918271728											7.19999972367273											7.19999999942187											7.199999999409595											7.1999775136212465											7.199999999404823									7.199889282266058
	7.684979813672283	7.504619410542407	7.785407236740944	7.846862633727072	7.337556896782274	8.96593398024619	9.025245133242299	9.579988725348686	8.92367792123369	7.377894583515786	7.659839355820736	7.594237678446454	7.606432797293664	7.5005417680755135	7.356521744198954	7.927140665724813	7.6074083490069						7.614741731172751											7.329399620320451											7.6854831744957055											7.917259991063625											7.443309917647025											7.919734565215314									8.015583791875825
	5.284979813672282	5.104619410542406	5.385407236740945	5.446862633727072	4.937556896782276	6.56593398024619	6.625245133242299	7.179988725348686	6.52367792123369	4.977894583515786	5.259839355820738	5.194237678446455	5.206432797293664	5.100541768075513	4.9565217441989535	5.527140665724811	5.2074083490069						5.214741731172751											4.929399620320451											5.285483174495706											5.517259991063626											5.043309917647026											5.5197345652153125									5.615583791875825
	4.484979813672282	4.304619410542406	4.585407236740944	4.646862633727072	4.137556896782275	5.7659339802461895	5.825245133242298	6.379988725348686	5.723677921233691	4.177894583515786	4.459839355820737	4.394237678446454	4.406432797293664	4.300541768075513	4.156521744198954	4.727140665724812	4.407408349006899						4.414741731172751											4.129399620320451											4.485483174495705											4.717259991063626											4.243309917647025											4.719734565215313									4.8155837918758255
	3.684979813672282	3.5046194105424058	3.7854072367409444	3.8468626337270724	3.3375568967822753	4.96593398024619	5.025245133242298	5.579988725348686	4.923677921233691	3.377894583515786	3.659839355820737	3.5942376784464543	3.606432797293664	3.500541768075513	3.3565217441989534	3.927140665724812	3.6074083490068993						3.614741731172751											3.329399620320451											3.6854831744957055											3.917259991063626											3.443309917647025											3.919734565215313									4.015583791875826
	3.348140082035481	3.091048322371198	3.403116295392728	3.787725752282215	3.6168685817077524	4.537817243456452	4.538074488573579	4.798206921771331	4.1941759088105215	3.706887971557933	3.5486180108341587	3.531495658649691	3.4466583773651593	3.4484551722228787	3.449439877225725	3.5299423538571006	3.7174938748906152						3.7024652464051147											3.010452502408273											3.5933774241111474											3.5315569930323236											3.6717120463200157											3.3771456730054954									3.7880776374992324
	4.101360486688321	3.9929411490879367	4.156371506748758	4.6889626844189065	4.674550816455723	5.010761997309318	4.9564276397225075	5.593812915669767	5.167187622508994	4.471816955017029	4.450035503625055	4.589714191543488	4.292064787390217	4.183511060134279	4.202739856713416	4.588201197110749	4.4706873925609285						4.674228476999003											4.067858774214524											4.565644266176246											4.266706834867101											4.603160208606375											4.278986418340386									4.76102451533197
	5.640492741928725	5.816881658078714	4.721110290393907	5.31976203897963	4.51085641792451	6.3996239311326955	6.399166154073516	6.4	6.4	5.27291946376913	5.548438554721082	5.428649752630861	5.680940549337556	5.512613783011007	4.446883901835878	4.892196009816171	5.300428949542066						5.275910186425271											5.578298062361318											5.5024007942415745											4.89380282152136											6.022697510663217											5.262935188792888									4.845300696659349
	7.227971723759684	7.345284954314798	6.79026567794591	6.9068330571218	6.651851948221283	7.99694442857658	7.9989324738313545	7.999999999999992	7.999999999999992	6.8392360049025145	7.030539462602497	6.517916333564511	7.2766282146111925	6.437033179078217	6.742776303171124	5.839987722010825	6.724544662142275						6.425590615438553											7.165219354819776											7.570800559523336											6.395419192919623											7.171117442070079											6.356221190426									6.943931766443498
	8.065751585983966	8.242228248012818	7.6278843983517595	7.74532433308782	7.489470668627131	8.79926975084278	8.799165985030255	8.799999999710021	8.799999999710021	7.679545612591022	8.36784097027627	7.854456196684433	8.08441393728714	7.77286914888865	7.554630452427467	6.67842731186328	7.704091172192195						7.683003642514752											8.006757428413342											8.395486471705555											7.294495743109199											8.430121547658535											7.688231816453852									7.756231512832473
	7.548720068894217	7.624629310983778	6.827884605304298	7.328748073945192	6.6894885520209675	7.999645819710086	7.999564520227363	7.99999999971002	7.99999999971002	6.883211757680984	7.852273575709589	7.054472535442831	7.666840083959414	6.973230317900368	6.797269529922795	5.87842752009355	7.087828295567904						7.166333011012523											7.210495961155067											7.595486665792471											6.77896749386966											7.633679615034805											7.073427345405709									7.43246986474461
	7.037855142200141	7.114397550675218	6.417966440527952	6.818787015898322	6.17930009176698	7.199645819710085	7.199999830956739	7.199999999710021	7.199999999710021	6.373735140382771	7.097775944466811	6.6442925323728375	7.0575688705296145	6.65487387199493	6.387021810090219	5.6366428994894635	6.478727311726939						6.556563551180457											6.891958349505325											7.084854361458236											6.460696428674561											7.024406234641084											6.378498263174102									6.922804147082427
	5.595906161030371	5.596519854025857	5.596472546639447	5.39315125792422	5.596476401338998	5.599645819710086	5.59999983095674	5.59999999971002	5.59999999971002	5.599456759142118	5.5963268018819505	5.59648489389692	5.596266446096173	5.431844849235981	5.599068087909303	4.910199644245096	5.596291969605765						5.599784189244851											5.599599814488308											5.582803493322842											5.599637554801273											5.5999454445601975											5.48092928195776									5.599952076378119
	9.94682439274495	10.745666027476972	9.510965238315501	9.868890341272639	9.809277826828671	11.017897384885522	10.816706073494657	11.199999949992272	11.199999949992272	9.818831874328499	10.37104254174171	9.57095505235583	10.52819827360387	10.04632254476808	9.656856348949832	8.95849008270184	9.949256520474437						9.75443292730725											9.92266719901567											10.632206945149955											9.958288743621374											10.146707895225038											9.591287258086629									10.020849911619472
	9.435959466050873	10.23543426716841	9.101047073539155	9.358929283225768	9.299089366574684	10.217897384885521	10.017141384224034	10.39999994999227	10.39999994999227	9.309355257030285	9.61654491049893	9.160775049285837	9.91892706017407	9.727966098862641	9.246608629117254	8.716705462097751	9.340155536633471						9.144663467475183											9.604129587365927											10.12157464081572											9.640017678426275											9.537434514831316											8.896358175855022									9.51118419395729
	8.665339057282429	9.513025035498009	8.454331222490032	8.712435378639952	8.846545569553529	9.41789738488552	9.217141384224034	9.599999949992272	9.599999949992272	8.663330026882084	8.894082268002476	8.514577108370739	9.196539599915736	9.17764118860195	8.694598422799269	8.16470897668122	8.694200006523358						8.498713852009642											9.053019685184413											9.398708437873774											9.089538868523007											8.891657248699692											8.125852650447682									8.78894396765685
	7.994010484881102	8.717556570519049	8.279553179650648	7.933293525251667	8.716265676146701	8.617897384885522	8.417141384224035	8.799999949992271	8.799999949992271	8.535076875789633	8.11509576791407	8.112967410809919	8.457624635740627	8.504937076103692	8.45865490693634	7.990262206853385	8.4577201945123						8.18788410553958											8.311771052348911											8.619523772680326											8.778958804552989											8.11297372475043											7.99878919463868									8.18833212325298
