3.9483248565380276
5.47285139774046
6.788096820136616
7.555864424032653
3.588096820136616
2.7880968201366163
2.7558644240326533
6.046901628609948
6.165570507985864
5.718654953816117
3.2
3.3186688793759163
10.428921567677689
13.074054390748598
8.028935493237487
10.227152762138651
12.483298406026051
13.494696324845817
5.569844444762018
4.769844444762017
8.768351200921343
15.604492948949321
14.80449294894932
12.404492948949319
7.19999999940559
7.684979813672283
5.284979813672282
4.484979813672282
3.684979813672282
3.348140082035481
4.101360486688321
5.640492741928725
7.227971723759684
8.065751585983966
7.548720068894217
7.037855142200141
5.595906161030371
9.94682439274495
9.435959466050873
8.665339057282429
7.994010484881102
