3.9999846254462668
5.2902034933808295
7.795602803035016
8.05324320260869
4.595602803035016
3.7956028030350155
3.253243202608692
6.399999680852172
7.1989530205750745
6.398953020575075
3.1999999999999993
3.998953339722901
11.10897973360278
14.142566428153993
8.708980052750608
10.94256674730182
12.799998341801002
14.39999999999991
5.599998341801002
4.799998341801002
9.600000000000001
16.799999999997496
15.999999999997497
13.599999999997497
7.2
9.579988725348686
7.179988725348686
6.379988725348686
5.579988725348686
4.798206921771331
5.593812915669767
6.4
7.999999999999992
8.799999999710021
7.99999999971002
7.199999999710021
5.59999999971002
11.199999949992272
10.39999994999227
9.599999949992272
8.799999949992271
