3.884790618567172
4.929755437931341
6.85300574328388
7.547238579024738
3.6530057438237034
2.853005743823703
2.74723857956456
5.869036356078472
5.955327460635001
5.685957105501823
3.2
3.2862911045565286
9.872774779971898
12.240968707940937
7.473108779026603
9.571932351862467
12.061935051076462
13.729548265201348
5.248043626209987
4.448043626210252
8.62212228659588
15.664503486122193
14.864503486122192
12.464503486122192
7.199999999390646
7.659839355820736
5.259839355820738
4.459839355820737
3.659839355820737
3.5486180108341587
4.450035503625055
5.548438554721082
7.030539462602497
8.36784097027627
7.852273575709589
7.097775944466811
5.5963268018819505
10.37104254174171
9.61654491049893
8.894082268002476
8.11509576791407
