3.948246159201474
5.472486704511456
6.650645134835314
7.373367543756732
3.450645134835314
2.6506451348353144
2.573367543756732
6.028843292984286
6.250495117547655
5.803689203323014
3.198865193159998
3.420517017723366
10.391231336582683
12.611303346406473
8.008059150983035
9.781325246582185
11.347626256120408
13.301517712378965
4.945423945701114
4.145423945701114
8.402299379100462
15.243342214168521
14.443342214168522
12.043342214168524
7.199519084045237
7.504619410542407
5.104619410542406
4.304619410542406
3.5046194105424058
3.091048322371198
3.9929411490879367
5.816881658078714
7.345284954314798
8.242228248012818
7.624629310983778
7.114397550675218
5.596519854025857
10.745666027476972
10.23543426716841
9.513025035498009
8.717556570519049
