3.9833031865486492
5.38201255762954
6.676923142483421
7.433874128598456
3.476923143082653
2.6769231430826532
2.6338741291976886
5.947878093162676
6.597373842500161
6.246183650860115
3.2
3.849495749337485
10.195724519578429
12.391176256096152
7.799036618055799
9.643298162933476
12.05986697765453
13.280517559618927
5.592285272283932
4.792285272283932
9.380462823961258
15.63827253406382
14.838272534063819
12.438272534063818
7.1999432549266205
7.846862633727072
5.446862633727072
4.646862633727072
3.8468626337270724
3.787725752282215
4.6889626844189065
5.31976203897963
6.9068330571218
7.74532433308782
7.328748073945192
6.818787015898322
5.39315125792422
9.868890341272639
9.358929283225768
8.712435378639952
7.933293525251667
