3.99963387012711
5.185461794684866
7.8827762751762895
8.254885097273771
4.6827762751762885
3.8827762751762886
3.454885097273772
6.399999999978062
7.199999999975559
6.399999999997497
3.2
3.9999999999974962
11.199999960932216
14.398476606104921
8.799999960932215
11.19847660612686
12.799998341801002
14.39999999999991
5.599998341801002
4.799998341801002
9.597673138723506
16.799432016739683
15.999432016739682
13.599432016739682
7.2
9.025245133242299
6.625245133242299
5.825245133242298
5.025245133242298
4.538074488573579
4.9564276397225075
6.399166154073516
7.9989324738313545
8.799165985030255
7.999564520227363
7.199999830956739
5.59999983095674
10.816706073494657
10.017141384224034
9.217141384224034
8.417141384224035
