3.99999999971002
5.5999999999998
7.999999999999909
8.799823885276998
4.79999999999991
3.99999999999991
3.999823885276999
6.4
7.199999999997496
6.399999999997497
3.2
3.9999999999974962
11.188823397901594
14.140249643773416
8.788823397901593
10.940249643773415
12.799922646557713
14.399999739312674
5.5999226465577125
4.799922646557713
9.600000000000001
16.79999999997699
15.99999999997699
13.59999999997699
7.2
8.96593398024619
6.56593398024619
5.7659339802461895
4.96593398024619
4.537817243456452
5.010761997309318
6.3996239311326955
7.99694442857658
8.79926975084278
7.999645819710086
7.199645819710085
5.599645819710086
11.017897384885522
10.217897384885521
9.41789738488552
8.617897384885522
