3.950069582263346
5.599480144340582
7.6986021215694365
8.335912207023595
4.498602121569437
3.6986021215694374
3.535912207023595
6.397886756406916
7.1978867564044124
6.397886785720017
3.2
3.9999999999974962
11.197886746654737
14.396363362533775
8.799999960932215
11.19847660612686
12.799998340833787
14.399999999032694
5.5999983408337854
4.799998340833785
9.600000000000001
16.799998663937828
15.999998663937829
13.599998663937829
7.2
8.92367792123369
6.52367792123369
5.723677921233691
4.923677921233691
4.1941759088105215
5.167187622508994
6.4
7.999999999999992
8.799999999710021
7.99999999971002
7.199999999710021
5.59999999971002
11.199999949992272
10.39999994999227
9.599999949992272
8.799999949992271
