3.9485416384728347
5.381595173226437
6.8658981965393
7.6429558485674285
3.6658981965393007
2.8658981965393004
2.842955848567428
6.042053281156762
6.263567009607906
5.817066168314075
3.198865193159998
3.420378921611141
10.39953899129602
12.92783495758863
8.002851744593084
10.084646869591866
11.105200463014015
12.191346809318436
4.8852046919972825
4.631934573950501
9.10567676249318
15.233584052061099
14.4335840520611
12.0335840520611
7.199977861209958
7.785407236740944
5.385407236740945
4.585407236740944
3.7854072367409444
3.403116295392728
4.156371506748758
4.721110290393907
6.79026567794591
7.6278843983517595
6.827884605304298
6.417966440527952
5.596472546639447
9.510965238315501
9.101047073539155
8.454331222490032
8.279553179650648
