3.948354568544934
5.380768698401903
6.451995486789592
7.219572582698028
3.2519954867895913
2.4519954867895914
2.4195725826980277
6.1476335293726985
6.233748234470837
5.685767786223285
3.2
3.286114705098138
10.456634785830099
13.143680258598293
8.056981704704953
10.196046729225595
12.243115996019803
13.51805949671242
5.431194749454255
4.631194749454255
9.37001171955785
15.20089469023624
14.40089469023624
12.00089469023624
7.199999723254092
7.377894583515786
4.977894583515786
4.177894583515786
3.377894583515786
3.706887971557933
4.471816955017029
5.27291946376913
6.8392360049025145
7.679545612591022
6.883211757680984
6.373735140382771
5.599456759142118
9.818831874328499
9.309355257030285
8.663330026882084
8.535076875789633
