3.948751240240271
5.382111616187908
6.842819634527391
7.556434382393732
3.6428196345273913
2.842819634527391
2.7564343823937323
6.030652463805437
6.250795120119848
5.80347878434244
3.2
3.420142656314412
10.350279783379172
12.729541878954539
7.966943655351145
9.898889415149103
11.530262058996378
12.758403154876952
5.352836533834359
4.552836533834507
8.542912621514704
14.969146763395564
14.169146763395563
11.769146763395563
6.717057012379126
7.337556896782274
4.937556896782276
4.137556896782275
3.3375568967822753
3.6168685817077524
4.674550816455723
4.51085641792451
6.651851948221283
7.489470668627131
6.6894885520209675
6.17930009176698
5.596476401338998
9.809277826828671
9.299089366574684
8.846545569553529
8.716265676146701
