3.8850407975443617
5.38212707220928
6.648698864228551
7.37985150508779
3.448698864228551
2.6486988642285514
2.5798515050877895
5.7174844358602215
6.501373428280637
6.054052052932781
2.8706691930452397
3.6545581854656555
10.656358381807529
13.051455080461736
8.256864514340402
10.204639837646754
11.95219200294388
13.41650404417777
5.061657810420464
4.634233655840072
8.675299648813429
15.527307018130433
14.727307018130432
12.327307018130433
7.1999997148169035
7.6074083490069
5.2074083490069
4.407408349006899
3.6074083490068993
3.7174938748906152
4.4706873925609285
5.300428949542066
6.724544662142275
7.704091172192195
7.087828295567904
6.478727311726939
5.596291969605765
9.949256520474437
9.340155536633471
8.694200006523358
8.4577201945123
