3.9489404248812585
5.381509453243314
6.518828198415746
7.274850339189715
3.318828198415746
2.5188281984157457
2.4748503391897145
6.130662589877474
6.216926475469187
5.6696303444445055
3.2
3.286263885591713
10.423683497226785
13.092964725255516
8.040317038373992
10.162302135378043
12.278283015334054
13.642430388856674
5.448370848192788
4.648370848192788
9.146074429196245
14.205589214325537
13.405589214325538
11.00558921432554
7.1535817374905735
7.356521744198954
4.9565217441989535
4.156521744198954
3.3565217441989534
3.449439877225725
4.202739856713416
4.446883901835878
6.742776303171124
7.554630452427467
6.797269529922795
6.387021810090219
5.599068087909303
9.656856348949832
9.246608629117254
8.694598422799269
8.45865490693634
