3.8849620698168064
4.976665755352682
6.389502519586251
7.154874614317265
3.1895025195862505
2.3895025195862503
2.354874614317265
6.147384919248938
6.234488948958838
5.685617584398662
3.198865193159998
3.285969222869899
10.152414518731668
12.490846660078539
7.752766157202903
9.542326933989598
12.073663879900842
13.68101063312548
5.592237553624099
4.7922375536240995
8.878493472298905
15.636890814694164
14.836890814694165
12.436890814694165
7.199999715695618
7.927140665724813
5.527140665724811
4.727140665724812
3.927140665724812
3.5299423538571006
4.588201197110749
4.892196009816171
5.839987722010825
6.67842731186328
5.87842752009355
5.6366428994894635
4.910199644245096
8.95849008270184
8.716705462097751
8.16470897668122
7.990262206853385
