3.884550889225709
4.976360354746523
6.435959204454798
7.16707376018719
3.2359592044547973
2.4359592044547975
2.3670737601871887
6.044955947488095
6.106786889734844
5.661484649151624
3.2
3.2618309422467484
10.652651637419318
13.042906152763008
8.252997930514441
10.197950205274914
12.193940924905824
13.485988607360287
5.33768512379361
4.53768512379361
8.555563728664914
15.424345532053852
14.624345532053852
12.224345532053853
7.1999999994264074
7.606432797293664
5.206432797293664
4.406432797293664
3.606432797293664
3.4466583773651593
4.292064787390217
5.680940549337556
7.2766282146111925
8.08441393728714
7.666840083959414
7.0575688705296145
5.596266446096173
10.52819827360387
9.91892706017407
9.196539599915736
8.457624635740627
