3.9489598527774747
4.976815153892204
6.575261479167121
7.306517944683307
3.3752614791800064
2.5752614791800066
2.5065179446961925
5.932703051311668
6.096827737687044
5.746312068266817
3.198865193159998
3.362989879535374
10.41069230006257
12.859383310017092
8.027370111331125
10.12554545186542
11.37505595343211
12.834192598199463
4.980722544954127
4.553004386447657
9.395800384344572
15.226161110038431
14.42616111003843
12.02616111003843
7.199978137287731
7.5005417680755135
5.100541768075513
4.300541768075513
3.500541768075513
3.4484551722228787
4.183511060134279
5.512613783011007
6.437033179078217
7.77286914888865
6.973230317900368
6.65487387199493
5.431844849235981
10.04632254476808
9.727966098862641
9.17764118860195
8.504937076103692
