3.9479393706972923
5.3823606855403545
6.621263000696998
7.377394744834941
3.4212632721993432
2.621263272199343
2.577395016337287
5.934074425215545
6.020281138901244
5.669747752184489
3.2
3.2862067136856994
10.059375905119238
12.511406414945734
7.675834866620446
9.77733198973019
11.394507475020983
12.855789353230373
4.979788591451628
4.552095004368332
8.738471627085096
15.513044104565802
14.713044104565803
12.313044104565803
7.199999999420583
7.594237678446454
5.194237678446455
4.394237678446454
3.5942376784464543
3.531495658649691
4.589714191543488
5.428649752630861
6.517916333564511
7.854456196684433
7.054472535442831
6.6442925323728375
5.59648489389692
9.57095505235583
9.160775049285837
8.514577108370739
8.112967410809919
