3.948053807463599
5.472554987536223
6.89014553356748
7.6671477367233285
3.6901455335674798
2.8901455335674804
2.8671477367233273
5.947448250657148
6.033569931870727
5.682838196966593
3.2
3.286121681213579
10.425398534280742
12.87563489061224
8.028682018527729
10.12818663995509
11.746438529976206
13.310774333129357
5.0024590964794
4.2024590964794
8.302997677421692
14.719929348918502
13.919929348918501
11.519929348918502
7.199977918271728
7.614741731172751
5.214741731172751
4.414741731172751
3.614741731172751
3.7024652464051147
4.674228476999003
5.275910186425271
6.425590615438553
7.683003642514752
7.166333011012523
6.556563551180457
5.599784189244851
9.75443292730725
9.144663467475183
8.498713852009642
8.18788410553958
