3.6980507357682337
5.382373806651241
6.589513682030122
7.3391128316665535
3.38951368203021
2.5895136820302103
2.539112831666642
6.144020253263414
6.597516511823163
6.050220305284441
3.2
3.65349625855975
10.45385887025862
13.041836968220373
8.057134823533927
10.09781671495696
12.002793046220546
13.29635583137066
5.350405799523141
4.5504057995231415
8.747868875625697
15.36140729660667
14.561407296606669
12.161407296606669
7.19999972367273
7.329399620320451
4.929399620320451
4.129399620320451
3.329399620320451
3.010452502408273
4.067858774214524
5.578298062361318
7.165219354819776
8.006757428413342
7.210495961155067
6.891958349505325
5.599599814488308
9.92266719901567
9.604129587365927
9.053019685184413
8.311771052348911
