3.8853273752656245
5.382209172647508
6.547419293743494
7.303479011715055
3.347419293743494
2.547419293743493
2.5034790117150543
6.240761376818271
6.32687962005026
5.6827281089229915
3.2
3.286118243231989
10.42527314530947
13.065271515209758
8.028663279618467
10.024510138391491
11.929996861547702
13.064391682761588
5.43230678385751
4.63230678385751
8.573939036360168
15.855091232412082
15.055091232412082
12.655091232412081
7.19999999942187
7.6854831744957055
5.285483174495706
4.485483174495705
3.6854831744957055
3.5933774241111474
4.565644266176246
5.5024007942415745
7.570800559523336
8.395486471705555
7.595486665792471
7.084854361458236
5.582803493322842
10.632206945149955
10.12157464081572
9.398708437873774
8.619523772680326
