3.8850463177150747
4.9293617935073675
6.810814092035624
7.566788260932796
3.610814092035711
2.810814092035711
2.766788260932883
5.933478514237411
6.01958045619179
5.669264316782488
3.2
3.2861019419543798
10.290358348591688
12.739349305568352
7.90719597376358
10.005870791330942
12.083644298548073
13.450380936331142
5.431997036303294
4.631997036303294
8.8076250745937
15.073520681160552
14.273520681160552
11.873520681160551
7.199999999409595
7.917259991063625
5.517259991063626
4.717259991063626
3.917259991063626
3.5315569930323236
4.266706834867101
4.89380282152136
6.395419192919623
7.294495743109199
6.77896749386966
6.460696428674561
5.599637554801273
9.958288743621374
9.640017678426275
9.089538868523007
8.778958804552989
