3.8847478991007884
5.4717497484815105
6.789580783875251
7.55499970677644
3.58958078387525
2.78958078387525
2.754999706776439
5.933016610868032
6.051857862129175
5.7021283512575165
3.2
3.318841251261144
10.403957971945433
12.88428020737144
8.020670871949061
10.151263596503409
12.281564372124649
13.651811873647205
5.444124107669129
4.644124107669128
8.472136174830537
15.778638834211339
14.978638834211338
12.57863883421134
7.1999775136212465
7.443309917647025
5.043309917647026
4.243309917647025
3.443309917647025
3.6717120463200157
4.603160208606375
6.022697510663217
7.171117442070079
8.430121547658535
7.633679615034805
7.024406234641084
5.5999454445601975
10.146707895225038
9.537434514831316
8.891657248699692
8.11297372475043
