3.9479987276754693
5.381669557486401
6.676999713830245
7.434014883927498
3.4769997138302444
2.676999713830244
2.634014883927497
6.028633373153514
6.192778565893332
5.746562711692498
3.198865193159998
3.3630103858998157
10.424211364294178
12.90138365065877
8.040659038501495
10.071615470665256
11.89597684019082
13.262197539592627
5.35198871413423
4.551988714134231
9.181836901126626
15.504152884000684
14.704152884000685
12.304152884000684
7.199999999404823
7.919734565215314
5.5197345652153125
4.719734565215313
3.919734565215313
3.3771456730054954
4.278986418340386
5.262935188792888
6.356221190426
7.688231816453852
7.073427345405709
6.378498263174102
5.48092928195776
9.591287258086629
8.896358175855022
8.125852650447682
7.99878919463868
