3.8840773498092336
5.382065819701543
6.81428640683215
7.545519103301064
3.61428640683215
2.8142864068321503
2.7455191033010644
5.950721136882581
6.5056465824288
6.154588869807127
3.2
3.754925445546219
10.656079325246978
12.956299447054091
8.25641590098607
10.20557831017151
12.344342377088516
13.496085528014053
5.570029311789538
4.770029311789538
8.60166132917786
15.343036741696706
14.543036741696705
12.143036741696704
7.199889282266058
8.015583791875825
5.615583791875825
4.8155837918758255
4.015583791875826
3.7880776374992324
4.76102451533197
4.845300696659349
6.943931766443498
7.756231512832473
7.43246986474461
6.922804147082427
5.599952076378119
10.020849911619472
9.51118419395729
8.78894396765685
8.18833212325298
