4.2332
3.375333333
3.8715
1.030766667
1.1967
0.7533333333
3.040233333
4.5457
4.4829
4.5121
4.961
2.7867
3.9664
3.9277
3.8595
4.2263
1.8987
1.8614
1.9174
2.4427
2.4788
1.8348
1.8844
2.3988
2.3893
1.7982
1.7974
1.7868
2.35
2.1094
2.3365
0.6405333333
0.6598666667
0.0723
0.0603
0.04583333333
3.333
3.373
4.422266667
3.5952
2.778933333
1.321133333
0.1411333333
0.7610666667
0.6169333333
1.434466667
1.380266667
1.230533333
1.357233333
1.430466667
1.670266667
7.833466667
1.5324
4.1863
2.970666667
6.835
4.802333333
0.9532666667
0.9062
2.429
8.554
3.3564
6.889933333
5.1676
3.383933333
2.696533333
2.345066667
1.311833333
1.099233333
0.06796666667
2.449666667
4.856466667
2.434233333
4.865
5.049333333
4.4464
1.039533333
1.7441
1.9261
1.8082
1.9514
1.546
2.7689
2.9803
2.1501
0.1453666667
2.536533333
1.496866667
1.777133333
4.5678
4.1587
2.284733333
1.0972
2.1466
2.488933333
0.656
0.02553333333
0.003266666667
4.222533333
