3.999999999999069
5.599998203071106
7.423564003621786
8.324197226352732
4.223564003621785
3.4235640036217854
3.5241972263527312
6.399778158108399
7.16775960266875
6.3679814445603515
3.2
3.967981444560351
10.585097143290614
13.709350847176868
8.185097143290614
10.50957268906847
12.799864691557943
14.338584453198377
5.599993729514818
4.799993729514817
9.569539635535738
16.751568077500107
15.951568077500108
13.551568077500107
7.194857802396959
8.151457083590072
5.751457083590072
4.951457083590071
4.1514570835900715
4.6192709018496485
5.597914487213885
6.231247288429273
7.86453208003152
8.664532080031622
7.864532080031622
7.064563222057389
5.6000000000000005
11.064532079935809
10.264563221961575
9.464754291216712
8.799999999904188
