3.99999999999903
5.599998160022815
7.582963742244032
8.324931717812374
4.382963742244031
3.582963742244031
3.5249317178123727
6.399772974854533
7.1678846414103
6.368111666555767
3.2
3.968111666555767
10.428122563287724
14.316107816485477
8.028122563287724
11.116334841630945
12.698565327647906
14.16889504917998
5.582220501235284
4.799999947445661
9.599990955847513
16.679972449152185
15.879972449152186
13.479972449152186
7.2
8.69251895614705
6.292518956147049
5.492518956147049
4.692518956147049
4.619013833339753
5.251931451387899
6.322471984155634
7.931388498113797
8.731388498113901
7.931388498113901
7.131996279490995
5.6000000000000005
11.131110479933318
10.331718261310412
9.53171831466387
8.799721981819415
