4.0
5.59888355908085
7.9999999963495645
8.782738817833131
4.799999996349565
3.999999996349565
3.9827388178331304
6.4
7.2
6.4
3.2
4.0
11.200000000000001
14.4
8.8
11.200000000000001
12.8
14.4
5.6000000000000005
4.800000000000001
9.600000000000001
16.8
16.0
13.600000000000001
7.2
9.570701883403473
7.170701883403473
6.3707018834034725
5.570701883403473
4.799988682059474
5.509200748171445
6.4
8.0
8.8
8.0
7.2
5.6000000000000005
11.199498840773318
10.399498840773319
9.599498840773318
8.799498840773317
