3.999999996930494
5.463691447972211
7.872318809885724
8.24493167744601
4.672318809885724
3.8723188098857237
3.4449316774460095
6.386814238712686
6.9313081733899455
6.144493934677261
3.2
3.7444939346772603
10.627190710338045
14.19403949565832
8.227190710338045
11.007225256945633
12.799728847660653
14.399920416476759
5.599782690625279
4.799782690625279
9.521969380143219
16.79667902998805
15.996679029988048
13.596679029988048
7.2
8.81364248248272
6.413642482482721
5.613642482482721
4.813642482482721
4.619653352251461
5.563307343264469
6.398605299926155
7.984040236710541
8.799974178295843
7.999999999941197
7.199999999941482
5.6000000000000005
11.15204725557582
10.352047255576103
9.552047255634623
8.752047255634622
