3.9999999999989884
5.599999991771778
7.680429451449424
8.323383205849641
4.480429451449424
3.6804294514494234
3.5233832058496404
6.399775624217576
7.039165698860604
6.239390074643028
3.2
3.8393900746430276
10.648007019643837
14.227450962492526
8.248007019643836
11.027675338274951
12.7999989437223
14.338708066753064
5.599999999999995
4.799999999999995
9.592130260090277
16.78508055181668
15.98508055181668
13.58508055181668
7.2
8.845309429580892
6.445309429580892
5.645309429580891
4.845309429580891
4.619241088453743
5.252164581097205
6.399945045181522
7.999945045181419
8.799945045181525
7.999969568022461
7.199999990731458
5.6000000000000005
10.904804759648231
10.104835182357228
9.304835182357232
8.504835191625771
