4.0
5.599998194885047
7.575826339794995
8.176336331965066
4.375826339794995
3.575826339794995
3.376336331965066
6.39752933699665
7.1975292925665
6.39999995556985
3.2
3.99999995556985
11.183397017816528
13.707242024204925
8.783397017816528
10.509712687208276
12.799871462447094
14.399309096723805
5.6000000000000005
4.800000000000001
9.599999929992341
16.74139536219156
15.94139536219156
13.54139536219156
7.2
8.993544032746724
6.593544032746724
5.793544032746723
4.9935440327467235
4.61963628646346
5.5632043367061605
6.3994559981028925
7.9994559981027695
8.799455998102896
7.999967656513675
7.199999043761669
5.599999097892709
11.091700834102669
10.291732221350664
9.491732275481702
8.691732275481703
