3.999999999998994
5.599998089197767
7.6554451601013005
8.297497590475412
4.4554451601013
3.6554451601013
3.4974975904754113
6.399992299259923
6.943854025292207
6.143861726032284
3.2
3.7438617260322844
10.820996697928862
14.228282031745625
8.420996697928862
11.028289732485701
12.799944012581314
14.395261321550974
5.599999946286005
4.799999946286004
9.599999928941333
16.751872881063864
15.951872881063863
13.551872881063865
7.2
8.266371039769764
5.866371039769764
5.0663710397697646
4.266371039769765
4.520302837396571
5.156289510373785
6.26057325351977
7.860573253519677
8.66057325351977
7.860573253519769
7.060605168974693
5.6000000000000005
11.060572930631661
10.260604846086583
9.460604901893207
8.799999677111892
