3.999999999998973
5.599999991532703
7.755152603329872
8.15640246284029
4.555152603329871
3.7551526033298708
3.3564024628402915
6.399774926510481
7.167962486382077
6.368187559871597
3.2
3.9681875598715965
10.477034918639127
14.226599232917156
8.077034918639127
11.026824306406676
12.713201389053648
14.39857204344786
5.514602318651167
4.714602318651166
9.446247864215238
16.780111252954917
15.980111252954917
13.580111252954916
7.2
8.506235407330868
6.106235407330868
5.306235407330868
4.506235407330868
4.616853873613028
5.560752274587741
6.39996860069933
7.99996859992427
8.799968600699334
7.999968904412602
7.199999999941077
5.6000000000000005
11.199968904307482
10.399999999835957
9.599999999894882
8.799999999894881
