3.9999999969965003
5.5999982043453596
7.775115157681416
8.239311614690036
4.575115157681416
3.7751151576814155
3.439311614690035
6.399666371296029
7.199597913280155
6.399819723474344
3.199888181490218
3.9998197234743444
11.183355456641044
14.227904056305992
8.783355456641043
11.028125866500181
12.799561544699737
14.399533389123356
5.599615948103505
4.799999953274855
9.570160347710857
16.79717452189212
15.99717452189212
13.597174521892121
7.2
8.67716596804893
6.277165968048931
5.477165968048931
4.677165968048931
4.6194167059578835
5.252012234759022
6.375939731917279
7.975939417625058
8.775939731917278
7.975940058624883
7.175940537505236
5.6000000000000005
11.175929288670746
10.375929767551098
9.575929823610858
8.799989230045862
