3.999999999999103
5.599998152788466
7.533961737801372
8.098263029438197
4.3339617378013715
3.5339617378013717
3.2982630294381963
6.399992087585528
6.944388562299702
6.144396474714174
3.2
3.7443964747141742
10.726749164721056
14.22798991232326
8.326749164721056
11.027997824737731
12.799945315499162
14.399380819931816
5.599999952974795
4.799999952974795
9.599672022639924
16.747929408487604
15.947929408487605
13.547929408487605
7.199999999999655
8.1062195590692
5.706219559069199
4.906219559069199
4.106219559069198
4.619343504556334
5.252411350502598
6.13704526007356
7.9751014192496825
8.775101419249683
7.975101419249832
7.17570408535013
5.6000000000000005
11.175090740711052
10.37569340681135
9.575699961139634
8.799989321461222
