3.9999999968660216
5.533697901335985
7.539560836460513
8.004051525939168
4.339560836460513
3.539560836460513
3.2040515259391684
6.399765158650144
6.841876048541278
6.042110889891135
3.2
3.642110889891135
11.183711006812866
14.227579459526055
8.783711006812865
11.027814300875912
12.799936315183459
14.37891022747474
5.5999934318446885
4.799993431844689
9.589152985810266
16.777752145461715
15.977752145461716
13.577752145461716
7.2
8.725395013547914
6.325395013547913
5.5253950135479135
4.725395013547913
4.619036337200456
5.5083350286984185
6.399501024470467
7.999501024470466
8.799501024470466
7.999999525308374
7.199999999935521
5.6000000000000005
11.199999142765062
10.39999961739221
9.5999996174513
8.799999617456688
