3.9999999999991065
5.534179836286229
7.754184486447574
8.218672478331042
4.554184486447574
3.7541844864475737
3.4186724783310414
6.3974919529379655
7.1155222352602765
6.318030282322312
3.2
3.9180302823223117
10.64885463982094
14.225601809541619
8.248854639820939
11.028109856603653
12.79949022664006
14.398922504557582
5.599612718125505
4.799993703805195
9.599999855099282
16.68585254823297
15.88585254823297
13.48585254823297
7.2
8.462663580175409
6.06266358017541
5.26266358017541
4.462663580175409
4.619485090156727
5.1563088879887875
6.394987476030255
7.979482676870051
8.794987366639445
7.994987366639446
7.199992868664646
5.599999890609189
11.194987366003447
10.399992868028647
9.599999881649158
8.799999889973192
