3.9999999969758684
5.534021872684212
7.341701874297563
8.00437037445132
4.141701874297563
3.341701874297563
3.204370374451319
6.399992567199345
6.9433318317338095
6.143339264534465
3.2
3.7433392645344647
10.455293547361316
14.218792163819717
8.055293547361316
11.018799596620372
12.79128454714406
14.39128454714406
5.6000000000000005
4.800000000000001
9.596883785051464
16.78444125387839
15.98444125387839
13.58444125387839
7.2
8.895380316736718
6.495380316736718
5.695380316736717
4.895380316736717
4.619550103590458
5.598302447116392
6.309740496563568
7.737008028445544
8.537008028445667
7.737008028445668
6.958896129884476
5.427267531834203
10.937008028353166
10.158896129791973
9.35890268774757
8.6272675317417
