3.999999999998911
5.599998223528716
7.674663898790432
8.239558012498753
4.474663898790431
3.674663898790431
3.439558012498754
6.397492941358016
6.94168459794565
6.144191656587633
3.2
3.7441916565876334
10.648621290286986
14.225903087410135
8.248621290286986
11.028410146052117
12.799554576617403
14.399005116887587
5.5996122308360645
4.7999934680494105
9.596785593867843
16.765699866306775
15.965699866306776
13.565699866306776
7.2
8.577739088434802
6.1777390884348025
5.377739088434803
4.577739088434803
4.6195856330971905
5.5982988095248984
6.3986458569393605
7.982933135442706
8.798645856939364
7.998645856939364
7.1992495709493625
5.6000000000000005
11.089680995398568
10.290284709408567
9.490284764592369
8.691035138459204
