3.999999999998934
5.599999991577936
7.5831028909345495
8.324632643782676
4.383102890934549
3.5831028909345495
3.524632643782676
6.397503982983494
6.941390737848948
6.143886754865455
3.2
3.7438867548654544
10.649051076576368
14.225504977675229
8.249051076576368
11.028000994691734
12.766024096723719
14.338534152123845
5.566078064408607
4.766078064408608
9.431883894927262
16.540001477477755
15.740001477477755
13.340001477477754
7.2
8.863226308257863
6.4632263082578625
5.663226308257862
4.863226308257862
4.619602063951902
5.589742974080623
6.394129563417642
7.991141288144722
8.794129563417641
7.994154400813173
7.194154863186239
5.6000000000000005
11.146376310801838
10.346376773174905
9.546376829256193
8.752221909988664
