3.999953061427901
5.5999982245772815
7.489807218788151
8.239636322751005
4.289807218788151
3.489807218788151
3.439636322751005
6.3999920876091725
7.199806191885003
6.399814104275831
3.2
3.999814104275831
10.819026674882537
13.750334400083569
8.419026674882536
10.550342312474397
12.799933789771668
14.378894109680765
5.599993009068987
4.799993009068987
9.446775153812093
16.797207103805544
15.997207103805543
13.597207103805543
7.2
8.161502001319255
5.761502001319256
4.961502001319256
4.161502001319255
4.605762865599114
5.584727047304966
6.395006497662732
7.995006497662612
8.795006497662735
7.995006497662735
7.199993203794001
5.6000000000000005
11.192128899383885
10.39711560551515
9.597122401717499
8.79712240172115
