3.9999999970705398
5.599998211100411
7.654366880303517
8.218943542808793
4.454366880303517
3.6543668803035163
3.4189435428087935
6.3999999370180545
6.943874357404633
6.143874420386579
3.2
3.743874420386579
10.64895351137936
13.709551985190878
8.24895351137936
10.509552048172823
12.799870350670009
14.338866048891033
5.599999948095831
4.79999994809583
9.446098169562132
16.799229866893153
15.999229866893153
13.599229866893152
7.2
8.582302915681279
6.182302915681279
5.382302915681279
4.582302915681279
4.619589167367312
5.589810370848617
6.39105639519973
7.999969331582697
8.79996933158282
7.99996933158282
7.199999999944456
5.6000000000000005
11.199969330751474
10.39999999911311
9.599999999168654
8.799999999168653
