3.9999999969979427
5.462888767696654
7.682487018576061
8.246561738713117
4.482487018576061
3.6824870185760603
3.4465617387131164
6.397480797232133
6.941296726094207
6.143815928862074
3.2
3.743815928862074
10.648982190919025
14.226188231628
8.248982190919024
11.02870743439587
12.79994408809013
14.399385578572396
5.599999945755503
4.799999945755503
9.599672624813643
16.693583390261434
15.893583390261433
13.493583390261433
7.2
8.952473669440208
6.552473669440207
5.752473669440207
4.952473669440208
4.619116917059027
5.156485399868874
6.389077806112262
7.989077805407999
8.789077806112262
7.9891036633169366
7.194118045652009
5.6000000000000005
11.189103663316937
10.394118045652009
9.594125016160305
8.8
