3.9999999969190934
5.5999999910304155
7.584868830940287
8.246678240864197
4.384868830940287
3.5848688309402874
3.4466782408641965
6.397447739741772
7.037243683689361
6.23979594394759
3.2
3.83979594394759
10.584510185887437
14.22499672360604
8.184510185887437
11.027548983864268
12.799998830314257
14.399457042108754
5.599999936907223
4.799999936907223
9.521180880639369
16.79949307331943
15.999493073319428
13.59949307331943
7.2
8.46170078427555
6.0617007842755495
5.26170078427555
4.461700784275549
4.5216502059524455
5.563579015760319
6.3999994687148885
7.996905619592425
8.799999468714889
7.999999468714889
7.199999943288114
5.6000000000000005
11.091593911108546
10.291594385681773
9.491594442393659
8.691594442393658
