3.999999999998923
5.599998166279809
7.576311274105229
8.176742832464829
4.3763112741052295
3.576311274105229
3.3767428324648274
6.399771137948869
7.117827803799038
6.318056665850171
3.2
3.9180566658501705
10.726232998647802
13.709189578039883
8.326232998647802
10.509418440091014
12.799862839122662
14.395191558299505
5.59999351669434
4.7999935166943395
9.599986907107548
16.777540490939668
15.977540490939667
13.577540490939667
7.2
9.01078204797637
6.610782047976371
5.810782047976371
5.01078204797637
4.6171760495639065
5.56111360855277
6.258116351316804
7.843670855126537
8.658116351316806
7.858116704902833
7.058116706124676
5.599999996828167
11.009954316312328
10.209954317534171
9.409954317534176
8.751837608237663
