3.9999999967350757
5.599998199290688
7.781030423111713
8.245843947101402
4.581030423111713
3.781030423111713
3.4458439471014013
6.397522034435208
7.1975162110926965
6.39999417665749
3.2
3.9999941766574896
11.183272345724568
13.747942171486521
8.783272345724567
10.550420137051313
12.799997311658123
14.395335701865546
5.599999999999996
4.799999999999996
9.592103763966074
16.792796171549067
15.992796171549069
13.592796171549068
7.2
9.011541398547655
6.611541398547655
5.8115413985476545
5.011541398547655
4.619776145026441
5.589988545649462
6.386461008542055
7.995496251968089
8.795496251968089
7.9999675516955655
7.199999260021636
5.6000000000000005
11.152372707265926
10.352404415591996
9.552404415652216
8.75240515557036
