4.286333333
4.074066667
4.4989
1.232966667
1.769166667
1.0808
3.1532
4.6209
4.6616
4.6351
5.0913
2.800266667
4.0646
4.0999
4.0447
4.4331
1.8782
1.9564
2.0189
2.5821
2.5398
1.8448
2.0009
2.5318
2.5288
1.9073
1.8565
1.8084
2.4913
2.141
2.478
0.6617666667
0.6677333333
0.1007666667
0.0523
0.0454
4.289
4.2442
4.818266667
3.6935
2.873066667
1.801333333
0.1595333333
1.174333333
1.039066667
2.305466667
2.190266667
2.0666
1.849166667
1.748333333
2.087333333
9.3236
1.9166
4.9787
3.0556
8.1531
5.7086
1.882133333
1.836066667
3.251066667
9.778
3.4956
7.393
5.5024
3.583466667
2.927866667
2.6034
1.4868
1.366333333
0.1267
2.5886
5.021533333
2.437966667
4.877
5.056133333
4.6544
1.6817
2.6569
3.1163
2.8719
3.201
1.7728
3.5229
3.6664
2.6045
0.2605666667
2.8216
1.708466667
2.394533333
5.0229
4.593
2.260866667
1.663333333
3.038866667
3.33
0.7549666667
0.02273333333
-0.006333333333
4.978266667
