4.719262191992198
5.516041966723446
6.958638986447589
2.759647380746375
3.532305919039276
1.5726581290282455
3.9281781050280524
9.772785322979916
9.870847709471347
10.598817972870771
12.093380157545162
3.8571385366556825
8.972785322979915
9.070847709471346
9.798817972870772
11.293380157545162
4.254775277060109
4.35283766355154
5.080807926950964
6.575370111625356
8.016033235296971
3.558636797587188
4.384669447478044
5.248091075017228
5.879231632152435
3.192039507135396
3.9200097705348202
2.936782898292444
5.257377732857691
3.7598344674459017
5.254396652120294
0.8220057604463172
2.262668884117934
1.462668911288968
0.8003180203448554
0.8211017564311535
9.319956777049331
8.461661003602536
9.826334683991
8.37143267975819
5.55865424127499
5.1041580206725445
1.3321569349851445
4.405368787245879
4.0083650298909435
5.22319143498942
4.707502668218924
4.3273708185356385
1.9606384696303334
5.67872367304687
6.299878806024352
25.66123091268304
5.499878806024352
9.418403858902858
6.364293798701218
17.08671227037881
9.604125636766938
3.167284553774735
3.1468412735228934
5.513569508529912
16.685515540023278
3.9779346761659724
11.228518420999196
8.85760370209246
6.9131327367773
6.113132751735073
5.313132751735073
2.578708581258855
1.629255826266235
2.3214638206615548
3.683859993474714
7.152726662911734
2.8843207919177036
6.3531874613547235
5.066531833179907
16.127409065609406
1.5891388183995119
5.643858538212997
7.278141434329649
3.2440827376289834
2.4442867402374846
6.278564759048207
7.456288323963801
6.110165638507354
4.62733333592072
3.02733333592072
3.3563363539041093
3.8740545106952595
6.22122994633505
15.051929191455436
15.656356758389785
16.37260227075721
3.3337588264389795
9.328062450180287
9.932490017114638
10.64873552948206
4.603017105661427
5.437821691104006
4.440918958566494
5.275723544009073
6.830911007289155
0.30854863692267576
16.451314325746765
15.277642270643497
5.64557401555901
5.858214859705064
5.198710307901722
5.411351152047775
2.35723671926545
3.2650423362766214
7.384281991511742
8.112744779619288
1.5999592303671775
2.5077648473783487
6.627004502613471
7.355467290721015
4.863852115887906
7.1898271429473555
17.546694840785445
12.180871118859272
8.634897280109449
15.072590404754042
7.118928207873636
8.34298827995138
9.081201651236972
0.6702821990126865
1.2258727705533206
1.964086141838912
8.69364816860436
7.9155588480002095
12.085351282468197
