3.938349247825464
4.9574382854666785
7.575147313641009
8.092934070873651
4.375147313641009
3.5751473136410095
3.2929340708736525
6.3997586749012445
7.199641726267618
6.399882970524814
3.1999999227321485
3.999882974098521
11.197075846822958
14.300600074592689
8.797075850396665
11.100841322423593
12.78979987389939
14.399961345724353
5.589799873899391
4.789799873899391
9.485803955783714
16.68892478347031
15.88892478347031
13.48892478347031
7.199999338112043
8.858845163814893
6.4588451638148925
5.658845163814893
4.858845163814893
4.228057231882504
4.8354019755812985
6.2712653492539365
7.8181890903649105
8.666504506004939
7.929922945624414
7.195234965500186
5.595235039790914
10.456330116420261
9.721642136296033
8.921642210586763
8.121642210586762
