3.679897811562468
5.081432591807497
6.262426041632956
6.666011058741518
3.0624266794677686
2.2624266794677683
1.8660116965763303
5.570825470658473
5.652203763135951
5.461069832785733
3.1999999227321485
3.2813782152096254
9.855629906418478
11.402421872049668
7.675938288842372
9.031596324123344
9.747623023215896
11.153851167421708
5.0036847818042185
4.203730389334228
7.485584623187726
13.52438189445602
12.72438189445602
10.32438189445602
6.523877669923421
7.247304573356579
4.847304573356578
4.047304573356578
3.247304573356578
2.815806231327358
3.690979861426211
3.701876069616688
5.722993355194837
6.6896314457890105
5.912167435634273
5.682461103368406
5.442280423497149
8.754271575382978
8.524565243117111
8.33040813164547
8.284384563245855
