3.6790746959669356
5.080370045047526
5.968392379792249
6.643964193020335
2.7683923797922483
1.9683923797922482
1.8439641930203359
5.7951054340583035
5.824906772083669
5.56924821844823
3.1999999227114597
3.229801260736825
10.281189585100677
12.08508709499182
7.9417426273892735
9.489981583644974
10.681071850577933
12.06836249676635
4.924206085336041
4.124206085337186
8.32052469327596
13.58557578766272
12.78557578766272
10.38557578766272
7.1943840867059095
7.2621221203002015
4.862122120300201
4.062122120300201
3.262122120300201
2.8689995087900946
3.569306430579689
4.306571686133191
5.728293359536609
6.762850517185867
6.095731615011324
5.866491824562023
5.483122977588024
8.492431953191034
8.26319216274173
7.925087075693629
7.87982331576773
