3.9994295958513293
5.599949565666713
7.999961345724353
8.751695023035591
4.799961345724353
3.999961345724353
3.951695023035591
6.399999922732149
7.1998829740985215
6.399882974098521
3.1999999227321485
3.999882974098521
11.007322979787002
13.850148549225395
8.607322979787002
10.650148549225397
12.763281363983753
14.39449488197086
5.563281364026246
4.763281364026247
9.599999951120454
16.799647098875877
15.999647098875878
13.599647098875877
7.199999330277333
8.859648175185212
6.459648175185212
5.659648175185211
4.859648175185211
4.242414876079777
4.871500987345044
6.337792243007904
7.818100797501924
8.676823749712716
7.939027387720078
7.139027389744725
5.539027389744724
10.708456521530202
9.908456523554847
9.108456523554848
8.308456523554847
