3.6788502987359415
5.166244345025092
6.153411304687458
6.87459719856307
2.953411306553674
2.1534113065536737
2.074597200429285
5.463547606340227
5.634968281424583
5.444127936697912
3.1101122231017166
3.2815328981860725
10.159377247961393
11.435293713581034
7.996782209449552
9.081858330342525
9.92184627246484
11.6895119230775
4.645179824030449
3.8451798240304487
7.719270583392296
13.600926235725872
12.800926235725871
10.40092623572587
7.132482494815472
7.311499292000173
4.9114992920001725
4.111499292000173
3.311499292000173
2.257447786565837
3.0621733695369633
4.540564147817576
6.004188167261477
7.0744694145762415
6.763199543505221
6.533464807750118
5.443633606986476
9.666079566833066
9.43634483107796
9.003906325668831
8.34651363031432
