3.579968307690214
4.8451251202013275
6.225350489830362
6.970821676392342
3.026052177480004
2.226052177480004
2.171523364041985
5.640295494621906
5.6701602760012735
5.5678417018708855
3.1999999227321485
3.2298647041115154
9.563938742600884
11.025000411155078
7.2259617448415145
8.58470483926532
11.080365305210627
12.72212857550889
4.9914974281558395
4.1915527449536665
7.779465534726457
14.461359453669633
13.661359453669633
11.261359453669632
7.199269393951649
7.373699305604578
4.973699305604577
4.173699305604577
3.373699305604577
2.5885493858910196
3.3930521697287954
4.2665048950373565
5.760675479772812
7.132101578084026
6.898844951855686
6.406505157901105
5.411790108986084
9.125870311034513
8.633530517079931
8.201007653398937
7.6388154681649105
