3.9785713819356303
5.016887752375748
7.491389005114567
8.017180795276673
4.291389005114566
3.4913890051145664
3.217180795276672
6.394101994486658
7.106613368384429
6.306613368384436
3.199991207845088
3.9125025817428583
10.806166881825456
13.845604464011187
8.412056095183878
10.651493677369615
12.789799873864197
14.399961345689158
5.589799873899391
4.789799873899391
9.599999999566029
16.799882974098484
15.999882974098483
13.599882974098485
7.199999998001016
9.366034632826354
6.966034632826354
6.166034632826353
5.366034632826352
4.695304888488642
5.441794344986084
6.399995883039912
7.999982104535734
8.799429595851329
7.999429595851329
7.1994295958513295
5.59942959585133
11.196825034317188
10.396825034317189
9.596825034317188
8.796825034317187
