3.7790123376257236
5.080628118343306
6.167925910380097
6.754087021031911
2.9686524487532724
2.168652448753272
1.9548135594050853
5.609546732719457
5.951148599802167
5.8109513242443995
3.1999999227321485
3.541601789814859
9.312715695432479
11.054667911176864
7.043366161002938
8.645121101189556
10.92561187235142
12.067852216409317
5.426278395066315
4.626278395067493
8.525065666864817
14.590818264795121
13.79081826479512
11.390818264795122
7.1661584957456945
7.4206033923143
5.0206033923143
4.2206033923143
3.4206033923143
2.852839794414109
3.6572538127310246
3.7331940185486303
5.298593306925348
6.2675943156179414
6.093659651023183
5.864102441107677
4.9627485581606186
8.49875656037956
8.269199350464053
7.930625142505867
7.367845467516993
