3.6790125350992477
5.166657632287758
6.221282859993146
6.895425735900765
3.021283489075207
2.2212834890752067
2.095426364982826
5.768004987302774
5.809696315444561
5.618792931588284
3.1999999227321485
3.2416912508739344
10.304109746961899
11.925848419929196
7.9270080662475495
9.35784335535857
11.499544857066878
12.633434989164149
5.331764639288135
4.531764639289321
7.917102977431708
14.235212675667714
13.435212675667714
11.035212675667715
7.199275415749014
7.382023667290619
4.982023667290619
4.182023667290618
3.3820236672906185
2.4526259977185294
3.2009522068191494
4.225288074617635
5.791453429753692
6.758899418880221
6.524668678361663
6.294518281563023
5.395497597318172
8.695542049848898
8.46539165305026
7.931306084551437
7.5663709688054075
