3.682667131253993
5.530707284138238
7.4221361242323844
8.13272445466176
4.222136124232384
3.422136124232384
3.332724454661761
6.286700117739123
7.086583169105495
6.289240381554688
3.1999999227321485
3.999882974098521
11.08643325785283
14.187541517430567
8.797075850396665
11.100841322423593
12.788482433104525
14.398643904929486
5.588482433104524
4.788482436661766
9.599999999566029
16.790508484803535
15.990508484803536
13.590508484803536
7.1999993812660215
8.843554143509413
6.443554143509413
5.643554143509412
4.8435541435094125
4.047421809739422
4.922439241555335
6.399995883039531
7.999982104535353
8.799429595850949
7.999429595850948
7.1994295958513295
5.59942959585133
11.196825034316808
10.396825034317189
9.596825034317188
8.796825034317187
