3.679462649652296
5.081023847488363
6.269960577974077
6.863342000079524
3.0699605779746175
2.2699605779746177
2.0633420000800653
5.570122048086929
5.741485655269885
5.550820648172342
3.1101122231017166
3.2814758302846734
10.246051744923264
11.624637765009345
7.976706927035595
9.164627940024133
9.523633851397538
10.831639431584922
4.221767020356501
4.126434552644112
8.195523718105639
13.8959029512352
13.095902951235201
10.695902951235201
7.175802084721325
7.4463829594667175
5.046382959466718
4.246382959466717
3.4463829594667175
2.552405576334525
3.300658195757393
3.851418345871548
5.842561534580193
6.809199625174367
6.014297043135207
5.843965445554755
5.4420622569342925
8.251835000112711
8.081503402532256
7.742706703475079
7.6796002139117965
