3.6726373167698334
5.0760508943903035
6.076034170651926
6.74632123904995
2.8816143889245875
2.0816143889245873
1.9519014573226103
5.520471306556047
5.550305734838031
5.410430162328537
3.1999999227321485
3.229834351014133
9.501411482948717
11.124547844326418
7.320815671634311
8.80407646050252
9.650513255891585
11.164074206362947
4.4379409737303055
4.257895968960519
7.879944636168168
14.465810185073469
13.665810185073468
11.26581018507347
7.1992815596329685
7.349981647640544
4.949981647640545
4.149981647640544
3.3499816476405444
2.7156365454483
3.5910573522612297
4.359530048348881
5.507137988750903
6.878166327626791
6.100033854805303
5.929561339611931
5.425391018658548
8.40742441044332
8.236951895249948
7.898674043814475
7.732781574296564
