3.5803793451598844
4.863728656435379
6.001375311597119
6.725417265637886
2.801375313317382
2.0013753133173817
1.9254172673581493
5.729460409069875
5.750625826693756
5.56064872830347
3.1999999227321485
3.22116534035603
10.25898800057791
12.084908754521312
7.919504612630471
9.555448268183586
10.873586244096309
12.306423279680862
4.8494972037055675
4.049497203706499
7.84050428080498
13.556997481893582
12.756997481893581
10.35699748189358
7.199283975516287
7.352142947030773
4.952142947030772
4.1521429470307725
3.3521429470307726
2.5261255421071116
3.308301016671527
4.377759545520557
5.9023793627762515
6.764657615770543
6.590179512749526
6.286237073334563
5.393227548957704
8.96282529637321
8.658882856958247
8.226478726705599
7.765873332581386
