3.5808775685138623
4.86384832247261
5.98514714030922
6.575303094799972
2.785147681322677
1.9851476813226772
1.77530363581343
5.703435889169268
5.823072610942348
5.566771864719154
3.1101122231017166
3.229748944874796
9.692214916345648
11.065105059225985
7.355191996501292
8.471781393158436
11.274996544385493
12.981312379381642
5.429368219325894
4.629368219326961
8.213173825158767
14.318479298479994
13.518479298479996
11.118479298479995
7.194327070063034
7.501204248039696
5.101204248039696
4.301204248039696
3.501204248039696
2.693914261668599
3.5693379064715502
4.014531888365891
4.920093750302083
5.889050927337874
5.094158814315225
5.003726654751165
4.682184803381296
7.739021422669762
7.648589263105702
7.390023776933958
7.327047411735832
