3.5809737402161197
5.081445489865044
6.091401540497798
6.815236645197674
2.891401542162651
2.091401542162651
2.0152366468625273
5.0885529997866845
5.87900257673386
5.687865746298403
2.604880596003072
3.3953301729502474
10.388278527767573
12.217303609874048
8.095742954419416
9.733631206090436
10.766962403624476
12.257718947625882
4.310561530156281
4.130666040000121
7.853537777260041
13.779536687497274
12.979536687497273
10.579536687497272
7.194327586026626
7.354554357130276
4.954554357130276
4.154554357130276
3.354554357130276
2.8772816793868765
3.6254971240081164
4.044818280157815
5.273077432383253
6.431770858103187
6.121691376879497
5.817896474299321
5.391669541627005
8.528103288547277
8.224308385967099
7.886272984007647
7.798081453294784
