3.6801313388865395
4.8637056459416605
6.055424745533704
6.779118611514078
2.8556267804797413
2.055626780479741
1.9793206464601156
5.427610621114192
5.576002472853375
5.43613557393328
3.1101122231017166
3.2585040748409
10.066931623639682
11.565563694750566
7.889300124547302
9.248065296738089
9.537814682324436
11.050044602951692
4.433942072290754
4.253883428655113
8.638880524227657
13.751900579274318
12.951900579274318
10.551900579274317
7.175903090992498
7.310224263478142
4.910224263478142
4.110224263478142
3.3102242634781422
2.51414245286506
3.256060239565716
4.417121016683811
5.106243827777166
6.477158815047076
5.738529855327066
5.614045236475836
4.990202470818892
8.385308571378935
8.260823952527707
8.003472189318437
7.636981186870762
