3.6802922026628786
5.080955343048398
6.103190989172851
6.773908460043363
2.9031916062122534
2.1031916062122535
1.9739090770827659
5.63297955190982
5.662834543107607
5.4076682337921005
3.1999999227321485
3.2298549139299357
10.10878422051907
11.729391780485475
7.930970900656906
9.296412151307804
10.963188352782202
12.394333422720804
5.0851626137873485
4.2851635991659345
8.394299539012618
12.918538270362342
12.118538270362343
9.718538270362343
6.890289246503649
7.254833058923999
4.854833058958255
4.054833058958255
3.254833058958255
2.514659253887656
3.2628967196479013
3.440841230130772
5.49911450139459
6.435996177172569
5.937062786409014
5.766553816756117
5.42001254990075
8.234860192820491
8.064351223167595
7.805775751779002
7.717809956312227
