3.678452923784403
5.1663217857086385
6.246444131009435
6.839884582066685
3.046444131009437
2.2464441310094365
2.039884582066687
5.609693148543691
5.639496995381448
5.499524304980944
3.1999999227321485
3.229803769569904
10.198863612854897
11.699033518812143
7.929143077443857
9.2893402930006
10.229607966440387
11.814182903901935
4.6706850790972
3.8706850790985032
7.562357660534042
13.025596762336306
12.225596762336307
9.825596762336307
7.175822892300271
7.351242903070075
4.951242903070074
4.151242903070075
3.3512429030700748
2.7670992360712656
3.601602143257668
4.03013427726992
5.082938834221564
6.525541537735728
6.291551214136966
5.987176442801264
5.5281629480228816
8.60746516311485
8.303090391779149
7.96506090222805
7.8440768970007655
