3.4218148799222505
5.081602803105319
6.071179941515306
6.566506904057164
2.8712184519241886
2.0712184529318476
1.766545415473706
5.726981408713918
5.921692691388988
5.666526327803638
3.1999999227321485
3.394711205407218
10.246012892805231
12.013138225153714
7.974197770408811
9.486156739171944
10.623408172108519
12.05735654151748
5.057410371588155
4.257410371588154
7.87955944874329
13.616766325291241
12.81676632529124
10.416766325291242
7.1943869198778945
7.244175263964367
4.844175263979589
4.0441752639795885
3.2441752639795887
2.2075230326704505
3.0824041375063977
4.421458302481851
5.9863631843702265
7.02405943006244
6.357809408547034
6.233240082797902
5.510335352833155
8.669031261138642
8.54446193538951
8.286540870035752
7.821557205424764
