3.5813216224860045
5.08151003382488
6.049711366542714
6.720455224642477
2.8497119675731954
2.049711967573195
1.9204558256729578
5.8065930231284275
5.836395633566767
5.500156597318462
3.1999998974736013
3.229802507911941
10.190040468793718
11.849417869550232
7.919686379387198
9.242824743895406
10.460634730880322
11.787183414749679
4.927479161213547
4.12747916475258
7.825519936593904
14.195390922001534
13.395390922001534
10.995390922001533
7.199282092527003
7.395420352462648
4.995420352462649
4.195420352462648
3.395420352462648
2.668333820721029
3.503070228754416
4.5050854864613665
6.494457243850949
7.371357538397075
6.576347058141202
6.346349443712514
5.3502458457484146
9.224470054980285
8.994472440551595
8.561310928724609
7.998368842587498
