3.5809422527361274
4.845640994639822
6.1632087115204115
6.834188780019203
2.9632469077795784
2.163246907779578
2.03422697627837
5.470761679154351
5.500558427227279
5.360789193469016
3.1999999227321485
3.229796670805076
9.534126837146799
11.033334335405272
7.403134314482859
8.762572578983066
10.288804486148557
11.722364031109208
4.928252373607564
4.128252376475595
7.6857614464781525
13.729612541766574
12.929612541766573
10.529612541766573
7.199277046587764
7.487271810198942
5.087271810198943
4.287271810198943
3.487271810198943
2.7287631046289267
3.470710987326326
3.8413614818033794
5.129836236396463
6.267672174142336
6.034441546266113
5.9099968411469845
5.53166506196186
8.907576376478902
8.783131671359774
8.525668389169502
8.40479989217465
