3.5806181702066753
5.165410327390936
6.174417550873639
6.765620349048023
2.974417552776927
2.174417552776927
1.9656203509513106
5.519150341646192
5.560905624072592
5.421423363708176
3.1999999227321485
3.2417552051585474
10.14920498403509
11.627605931603277
7.969536825485462
9.308455512689232
11.209595612111116
12.646120774372394
5.136211702281438
4.336211702281438
7.460261159462604
14.620718885590897
13.820718885590896
11.420718885590896
7.175670108432181
7.286517574810306
4.886517574810306
4.086517574810306
3.286517574810306
2.755432313213572
3.5192000252323576
4.875364885013463
5.962394043778483
7.405833270916543
6.7373955476695135
6.433451229595805
5.534539240774931
8.934743164600226
8.630798846526517
8.292941574733408
7.731886857705644
