3.6783393159147773
5.081082771767249
6.168865289445309
6.7555356550867955
2.9688652894453087
2.1688652894453084
1.9555356550867957
5.479230715924475
5.6276305243916855
5.437129219676738
3.1101122231017166
3.2585120315689275
10.130381627272634
11.739328533349545
7.9517644391648235
9.370210040526786
10.634235302590227
11.975734038391694
5.001630002515526
4.201630002515526
8.364995621775027
14.232059123012702
13.432059123012701
11.0320591230127
7.199275104316328
7.485856025564522
5.085856025564521
4.285856025564521
3.4858560255645212
2.4848600853902063
3.289524970425514
3.7968142115945476
4.9610991654922945
6.330104074789364
6.021317420060743
5.627967473059194
5.049409591638811
8.247392732611242
7.854042785609693
7.320303369091025
7.27548490418931
