3.57980583484734
5.08139632769881
6.229630327478228
6.953509226553831
3.0296309006189404
2.22963090061894
2.153509799694543
5.677991813265343
5.938697298525048
5.7985649364462315
3.1999999227321485
3.4607054079918536
10.368844811244328
12.183936936780817
8.030985282789949
9.705945046247622
11.371998153253791
12.565769516302897
5.332299613194954
4.532299613196144
7.530300858643327
14.071006965153968
13.271006965153967
10.871006965153967
7.1578879760576655
7.498008749388771
5.098008749388772
4.298008749388771
3.498008749388771
2.854594478831449
3.689700848982532
3.5685783323412523
5.658451902698853
6.636136402778705
6.509115301108434
6.2797516486965215
5.551033797329193
8.825393374330147
8.596029721918235
8.16385789264342
7.867311870550907
