4.3314
2.642
3.1358
0.8543333333
0.8063666667
0.6011
2.7477
4.2636
4.1924
4.2359
4.3705
2.27
3.6097
3.5923
3.5857
3.6664
1.8861
1.8422
1.8604
2.1025
2.2523
1.8496
1.8892
1.9793
2.0526
1.821
1.7679
1.773466667
2.027
2.0078
2.0033
0.3268
0.4005
0.08593333333
0.0694
0.08696666667
2.2805
2.3326
3.613066667
3.22
2.4416
1.130466667
0.1548666667
0.7244
0.5338
1.206533333
1.0966
0.9986
1.127166667
1.0802
1.2522
7.104666667
1.1608
3.5544
2.727466667
6.3929
4.174666667
0.4050666667
0.3918666667
1.8158
7.076
2.665533333
5.918066667
4.535866667
2.978266667
2.3522
1.980266667
1.339566667
0.8859333333
0.06466666667
2.420433333
4.810466667
2.379366667
4.8324
5.049533333
4.3592
0.6796333333
1.1763
1.2191
1.263
1.2415
1.410666667
2.215
2.3408
1.8757
0.1510666667
1.9788
1.4482
1.574
4.3687
4.036
2.2562
0.8728
1.6762
1.919533333
0.6530666667
0.02426666667
-0.0003333333333
3.558933333
