	3.9999134907924656	3.99991305085506	3.999914694596191	3.9999979975179665	3.9999158473307057	4.0	3.9999999999940905	4.0	3.9999228491535037	3.999913656483888	3.998747581406729	3.999911322414637	3.998738873443682	3.9999169837538653	3.999916878376137	3.998753783317607	3.998756623931316						3.9999119689733824											3.9689136344738665											3.9987669258096954											3.9987568229370973											3.9987460327342386											3.999911657450313									3.998721548173407
	5.598260216003964	5.598243526521085	5.589439994671173	5.589507114206748	5.589522999723019	5.6000000000000005	5.510599782949242	5.566138066618406	5.599999999980987	5.589306203761004	5.156492441073532	5.589562910957284	5.251205937690479	5.252053095318047	5.589426172967488	5.251774968612482	5.589525476822173						5.598246659852109											5.589564964866822											5.589538627988592											5.155623583228028											5.598209459637484											5.589451978321415									5.589515657623379
	7.327241302654523	7.2220953902337115	7.322400166088354	7.192098326298498	7.249619679528748	8.0	7.998673089755139	7.991533450096964	7.969102453097086	7.135322000792626	7.483227224864862	7.2444939530074315	6.9408827356230605	7.218160494828267	6.9555249331250595	6.81636684684772	7.314805665555191						7.34403140258175											7.149300364250571											7.147666685562233											7.375570924796823											7.320525706863009											7.192165006851565									7.39705352075205
	8.043132795922197	7.807053960407693	8.093819310133558	7.902521209721096	8.09324455181511	8.799999999999484	8.577284640032223	8.164102219512541	8.669746166351494	7.850495186766938	8.008294043050276	7.925400039347453	7.551834602600386	7.829406895156629	7.636058347077119	7.552203424425136	7.925796425332975						8.115240312602507											7.927200087566039											7.828313968254829											8.055935839550507											8.055899311618127											7.902496622913373									8.008294945582302
	4.1272413026545225	4.022095390233711	4.122400166088354	3.992098326298498	4.049619679528748	4.800000000000001	4.798673089755138	4.791533450096963	4.769102453097087	3.9353220007926257	4.283227224864862	4.044493953007431	3.7408827356230603	4.018160494828268	3.7555249331250593	3.6163668468477206	4.114805665555191						4.144031402581751											3.9493003642505715											3.9476666855622327											4.175570924796824											4.12052570686301											3.9921650068515646									4.197053520752051
	3.3272413026545227	3.2220953902337115	3.3224001660883533	3.1920983262984977	3.2496196795287475	4.0	3.9986730897551386	3.991533450096963	3.9691024530970873	3.1353220007926255	3.483227224864862	3.2444939530074315	2.9408827356230605	3.218160494828268	2.9555249331250595	2.8163668468477208	3.314805665555191						3.344031402581751											3.1493003642505712											3.147666685562233											3.3755709247968237											3.32052570686301											3.1921650068515652									3.397053520752051
	3.2431327959221967	3.0070539604076925	3.2938193101335567	3.1025212097210955	3.29324455181511	3.999999999999485	3.777284640032224	3.364102219512542	3.8697461663514945	3.050495186766937	3.2082940430502753	3.1254000393474533	2.7518346026003857	3.029406895156629	2.83605834707712	2.752203424425135	3.1257964253329744						3.315240312602508											3.127200087566038											3.028313968254828											3.2559358395505065											3.255899311618128											3.102496622913373									3.208294945582302
	6.347633688501446	6.347577412484108	6.347428376414137	6.283498586144043	6.347829571326712	6.4	6.4	6.4	6.399999997961698	6.382982171352682	6.19640752231075	6.282927407106944	6.3468318543024855	6.282911937719663	6.382825675237059	6.383181878207933	6.306316542541338						6.283101428307919											6.382827660846282											6.396571270186474											6.282738595953597											6.282227909106766											6.3472850725086625									6.283383926731118
	6.679197126660161	6.874516847154531	6.874150841309795	7.080446342137058	6.874180547817407	7.2	7.2	7.199999999804051	7.199999997961699	6.635691367332377	6.4495673694618905	6.535871691659735	6.534984876393418	6.7085619664580625	6.635916002516968	6.6355192125676	7.099151525413236						6.5358284512425815											7.133644497491038											6.649289507660356											6.535415175596757											6.614186267644462											6.772975269466243									7.0678796764824146
	5.931563438158715	6.126937380996084	6.126722455517308	6.396947746877238	6.126348987147268	6.4	6.4	6.399999999804052	6.399999997961698	5.852709195974757	5.85315984714679	5.852942375587083	5.788153022086025	6.025648033592599	5.853088349987206	5.852337334097939	6.35131747996548						5.852727014078766											6.350816827856238											5.852718227622141											5.852674584226388											5.931956349617217											6.025688292102228									6.384495749746833
	3.2	3.1999999997434356	3.1999999997434356	3.2	3.2	3.2	3.2	3.2	3.2	3.2	3.2	3.2	3.2	3.1999999997434356	3.2	3.1999999997434356	3.1584824970988743						3.2											3.2											3.2											3.2											3.2											3.1999999997434356									3.2
	3.531563438158715	3.7269394344138598	3.726722464639094	3.9969477559930136	3.7263509764906964	4.0	4.0	3.999999999804052	4.0	3.452709195979695	3.45315984715114	3.452944284552792	3.3881530220909326	3.6256500284818345	3.453090327279908	3.4523373341031034	3.951317479970772						3.452727022934663											3.9508168366447567											3.4527182374738823											3.45267657964316											3.531958358537697											3.625690196701015									3.9844957497512965
	10.493078522812926	10.426547611573284	10.409486219702071	10.954683959135279	10.467081927880262	11.199999474600894	11.200000000000001	11.199429075568682	11.199999997961699	10.576349910105018	10.25599413629814	10.44119705860331	10.981546934533412	10.493438552787262	10.52842931071803	10.401796303747636	10.97996895926623						10.493524493083179											10.575271210265926											10.493482792303572											10.492080946157227											10.466947963050998											10.52818531622944									10.97960334138104
	13.858972527007996	13.740395949876614	13.943668740504007	13.463367927875176	13.550098225248838	14.381178949075371	14.399999999315305	14.38173279186637	14.399999997277005	13.871087933552772	13.447289374182304	13.718804478997601	13.834266313198064	13.77049851788845	13.870901260546601	13.700309158252125	13.836089496300993						13.771014241767336											13.603188006511553											13.601579964475869											13.769521859077116											13.790558562611801											13.552511094268425									13.52809485706317
	8.093078522812926	8.026549664991059	8.009486228823857	8.554683968251053	8.06708391722369	8.799999474600893	8.8	8.799429075568682	8.8	8.176349910109955	7.855994136302489	8.04119896756902	8.581546934538322	8.093440547676497	8.128431288010733	8.0017963037528	8.579968959271522						8.093524501939076											8.175271219054444											8.093482802155313											8.092082941573999											8.066949971971477											8.128187220828227									8.579603341385504
	10.711338838506549	10.59281853713594	10.796240363833304	10.37986934173113	10.402268653922127	11.181178949075372	11.199999999315304	11.18173279186637	11.199999999315304	10.688105762200092	10.450881851871554	10.635877071890658	10.68743445889558	10.687586579912223	10.688075585309543	10.51712727978763	10.688255450858529						10.687912813459416											10.420360345665271											10.405008694289394											10.686783263123521											10.708330653505037											10.4052260215032									10.44471093033205
	12.790882960059374	12.292306697659793	12.18507789464244	12.73010865723817	12.705042937521906	12.799999999999969	12.8	12.8	12.8	12.763671746121396	12.715321622051967	12.672026810006274	12.750667846229975	12.652451321489252	12.764171374066285	12.613907350096799	12.70160273863436						12.488033122857559											12.74020985939566											12.727376185403564											12.762414603619822											12.78457554652222											12.71464250086193									12.781024237804285
	14.051121923285024	14.24594217576408	13.352118047975374	14.258976604839958	13.981166940981305	14.4	14.4	14.4	14.4	14.222747115813704	14.34168750833805	14.217273583849511	14.128926711136357	14.196744194322907	14.29605805281444	14.213907505965985	14.278475254112278						14.02700171696376											14.11875499786961											13.991345674854593											14.294705271036007											14.317749746283916											14.186586579081975									14.237079375943452
	5.599985633605276	5.220501319511498	5.37184821171142	5.599999847297284	5.5841086653511605	5.599999999999967	5.6000000000000005	5.6000000000000005	5.6000000000000005	5.59674692433736	5.548189297761763	5.52140348922354	5.583859893128969	5.521613422879228	5.596889452109526	5.5999998441217915	5.534256666861138						5.321031347970817											5.5835219810930905											5.59678404761577											5.596736549058655											5.596569270007816											5.583930877662196									5.599985925086022
	4.799985633605276	4.420501319511497	4.796770624957893	4.7999998472972845	4.784108665351161	4.799999999999967	4.800000000000001	4.800000000000001	4.800000000000001	4.79674692433736	4.748189297761763	4.7838907883209325	4.783859893128969	4.784086976276867	4.796889452109526	4.799999844121792	4.796894830301205						4.521031347970817											4.783521981093091											4.796784047615771											4.7967365490586555											4.796569270007816											4.783930877662196									4.799985925086022
	9.420455244099834	9.10069733652721	9.577555515399846	9.596414210045246	9.306721122228362	9.600000000000001	9.599999997190094	9.600000000000001	9.600000000000001	9.596396825261122	9.21400248491067	9.452533794844184	9.303260798591063	9.595464246671776	9.540187528874863	9.456356716750696	9.31195687186068						8.922935533029685											9.13791914817815											9.11744429352709											9.522451004894583											9.208167125782461											9.577060239496637									9.404390950014598
	16.5174240825508	16.45635292466559	16.156378218538972	16.407553158082468	16.328013760135352	16.8	16.799999999991467	16.8	16.8	16.364996279175646	16.593391707845665	16.353034676341235	16.44370406485769	16.227490522113197	15.887956176066792	16.514746649374096	16.632371381190158						15.91823560810432											16.61698940676174											16.674986862767184											16.124953054638066											16.66852532668062											16.44242120166494									16.487192133052307
	15.7174240825508	15.656352924665592	15.356378218538971	15.607553158082467	15.528013760135352	16.0	15.999999999991468	16.0	16.0	15.564996279175645	15.793391707845666	15.553034676341236	15.64370406485769	15.427490522113198	15.087956176066792	15.714746649374096	15.832371381190157						15.118235608104321											15.816989406761738											15.874986862767186											15.324953054638065											15.86852532668062											15.64242120166494									15.687192133052307
	13.317424082550799	13.256352924665592	12.95637821853897	13.207553158082469	13.128013760135353	13.600000000000001	13.599999999991468	13.600000000000001	13.600000000000001	13.164996279175647	13.393391707845666	13.153034676341235	13.24370406485769	13.027490522113197	12.687956176066791	13.314746649374095	13.432371381190158						12.71823560810432											13.416989406761738											13.474986862767185											12.924953054638065											13.46852532668062											13.24242120166494									13.287192133052308
	7.2	7.199999999985334	7.2	7.199999999999989	7.051254816477641	7.2	7.2	7.2	7.2	7.2	7.2	7.2	7.2	7.2	7.199939500335738	7.2	7.2						7.2											7.2											7.2											7.2											7.2											7.2									7.199999999999891
	8.322530760186307	7.961306829429748	8.278276230292011	8.544631004971688	7.612550365962953	9.231386167188246	9.334331604816734	9.599996338105127	9.142944876655035	7.708991777149125	8.257470319295981	8.091999283725102	8.158141696950805	7.9462530440784525	7.643092709184166	8.557305211005465	8.13166377634298						8.236357328536041											7.5975859483522585											8.167534986670097											8.607858826633745											7.85950804547484											8.635715649899314									8.689365473715409
	5.922530760186307	5.561306829429748	5.878276230292011	6.1446310049716875	5.2125503659629535	6.8313861671882465	6.934331604816734	7.199996338105127	6.742944876655034	5.308991777149124	5.857470319295982	5.691999283725102	5.758141696950806	5.546253044078453	5.2430927091841655	6.157305211005465	5.731663776342982						5.836357328536041											5.197585948352258											5.767534986670096											6.207858826633745											5.45950804547484											6.235715649899314									6.289365473715408
	5.122530760186307	4.761306829429748	5.078276230292011	5.344631004971688	4.412550365962953	6.031386167188246	6.134331604816733	6.399996338105126	5.942944876655034	4.508991777149125	5.057470319295982	4.891999283725102	4.958141696950806	4.746253044078453	4.443092709184166	5.357305211005464	4.931663776342982						5.036357328536041											4.3975859483522575											4.9675349866700955											5.4078588266337455											4.65950804547484											5.435715649899314									5.4893654737154085
	4.322530760186306	3.961306829429748	4.27827623029201	4.544631004971687	3.612550365962953	5.231386167188246	5.334331604816733	5.599996338105125	5.142944876655033	3.7089917771491248	4.257470319295982	4.091999283725102	4.158141696950806	3.946253044078453	3.6430927091841654	4.557305211005464	4.1316637763429815						4.23635732853604											3.5975859483522576											4.167534986670096											4.607858826633745											3.85950804547484											4.635715649899313									4.689365473715408
	4.220188980930858	4.1247516814467895	4.220265333372104	4.306941039435005	4.247736120175396	4.78058509679914	4.780651418678355	4.799999998821162	4.483361275855446	4.207708713515392	4.282805802150512	4.262085573891876	4.2406938345367315	4.261360292644147	4.261609256408559	4.262932179779869	4.289416089169651						4.300730788299486											4.056572625313426											4.279950324785819											4.241747583585268											4.224984551184092											4.190407777291779									4.307024452555907
	4.901242668695232	5.126058536556384	4.90138398007408	5.307212494877919	5.432396869477658	5.311314466800121	5.212664400126837	5.59999992681701	5.496789956075027	4.913988398726295	5.283360576546615	5.447198949839347	5.139790166322804	4.891093492265745	4.942839776100993	5.448100226883749	4.970359931026834						5.400428564296919											5.241216855946568											5.380245691801488											4.871752405579197											5.302003896359282											5.191656772698114									5.4080689518582075
	6.346224837931131	6.36676022784286	5.793305170144632	6.29228594828987	5.603690226299696	6.399999999993539	6.399999999981637	6.4	6.4	5.922541311916153	6.278447024514249	6.245561183361112	6.324460331687242	6.234330593429824	5.527364300567306	5.79011980477388	6.135240577324447						6.209658560587438											6.236300808071967											6.194016014429566											6.055052971721278											6.389962455564002											5.942219896143399									6.0431289999781646
	7.946196270191738	7.965980951121374	7.571964986963606	7.892255394853473	7.480859666205035	7.999999995496045	7.999999999980314	8.0	8.0	7.522502465607083	7.757278850823534	7.629728322700585	7.924459904552724	7.615331803837977	7.661460175331681	6.9104523023338125	7.729381512605544						7.685531516871307											7.836270151751008											7.972649471012457											7.6542862493471695											7.864390526632666											7.33235230871655									7.822618144422399
	8.746237029238483	8.766772540168107	8.37200535264947	8.692298595656245	8.280900031890898	8.799999999988248	8.799999999981637	8.8	8.8	8.322541431479776	8.774132987074184	8.64557420800764	8.724460440335545	8.63022087581211	8.461460882691762	7.710495299387668	8.53524069572453						8.60965868814319											8.63631316831695											8.772690109092842											8.455052971916698											8.789962591260641											8.342232180580686									8.62261887034859
	7.971274103935753	7.972565242962256	7.5720053526494695	7.961225170416653	7.480900031890897	7.99999999999471	7.999999999989477	8.0	8.0	7.522541444268352	7.99960449338759	7.84557420800764	7.992791048936121	7.830220875817756	7.661506467069486	6.9104952993876685	7.741176046710719						7.834802358588384											7.836313181966782											7.972690109092842											7.68053616524646											7.9899626028351864											7.5483260295865495									7.964591486664168
	7.198176602636341	7.199664619873582	6.845003043283883	7.188409027041003	6.708012909351026	7.199999999994709	7.2	7.2	7.2	6.749876943155723	7.199661104720793	7.118408696758053	7.199513239959716	7.177636168306704	6.9342987900653545	6.351557632516897	6.947918257572521						7.041466192548028											7.183543725912688											7.199664823163975											7.028038583200836											7.196684539281718											6.749247324024933									7.191867722064895
	5.599999989468751	5.599999989533103	5.599999989080365	5.591673165288673	5.599999989080366	5.59999999999471	5.6000000000000005	5.6000000000000005	5.6000000000000005	5.5999999999934325	5.599999989358558	5.599999989296601	5.599999988759085	5.595878505566393	5.599999999986741	5.120062527062148	5.599999989248272						5.599999999999206											5.599999999994108											5.59999780441076											5.5999999999943135											5.599999999999998											5.598733805395646									5.599999999999998
	10.597099162854471	11.172158541034815	10.712047225690792	10.750493063228376	10.680505703014251	11.194238835498345	11.131548142926619	11.200000000000001	11.200000000000001	10.716239130271816	10.886131782321037	10.633944702107584	11.18327833412375	11.029462394061563	10.842153856543561	10.110061585922438	10.921750978521784						10.722096129822768											10.913719351691391											11.17153253098806											10.88053517834206											10.779037954989441											10.434387140829998									10.852285552700886
	9.824001661555059	10.39925791794614	9.985044916325206	9.977676919852726	9.907618580474377	10.394238835498344	10.331548142937141	10.4	10.4	9.943574629159187	10.08618839365424	9.906779190857998	10.390000525147347	10.37687768655051	10.11494617953943	9.551123919051665	10.128493189383585						9.928759963782412											10.260949895637296											10.398507245059191											10.228037596296435											9.98575989143597											9.635308435268383									10.079561788101614
	9.024014832265252	9.599593261687284	9.188289165381002	9.18093685365145	9.157253835944479	9.594238835498343	9.53154814293714	9.600000000000001	9.600000000000001	9.146867857991941	9.286522968549345	9.110060122608319	9.590336182641325	9.593373513013706	9.331073766338688	8.767254480426478	9.331791390014052						9.132058586554143											9.477273476125509											9.598836050553961											9.444499553720268											9.189070831776464											8.835321778435054									9.27989957281417
	8.225825048387469	8.799593287605662	8.740041862121686	8.380941058100396	8.799605660203719	8.794238835498344	8.731548142937141	8.8	8.8	8.793697685996895	8.486527278292007	8.388370483396546	8.790487273946715	8.795120023810199	8.780647389460816	8.319628813596916	8.780574921059339						8.48729377123359											8.677406169718715											8.798840226305977											8.799999013089913											8.38907535215425											8.484794916639094									8.487694066036717
