3.9999228491535037
5.599999999980987
7.969102453097086
8.669746166351494
4.769102453097087
3.9691024530970873
3.8697461663514945
6.399999997961698
7.199999997961699
6.399999997961698
3.2
4.0
11.199999997961699
14.399999997277005
8.8
11.199999999315304
12.8
14.4
5.6000000000000005
4.800000000000001
9.600000000000001
16.8
16.0
13.600000000000001
7.2
9.142944876655035
6.742944876655034
5.942944876655034
5.142944876655033
4.483361275855446
5.496789956075027
6.4
8.0
8.8
8.0
7.2
5.6000000000000005
11.200000000000001
10.4
9.600000000000001
8.8
