4.0
5.6000000000000005
8.0
8.799999999999484
4.800000000000001
4.0
3.999999999999485
6.4
7.2
6.4
3.2
4.0
11.199999474600894
14.381178949075371
8.799999474600893
11.181178949075372
12.799999999999969
14.4
5.599999999999967
4.799999999999967
9.600000000000001
16.8
16.0
13.600000000000001
7.2
9.231386167188246
6.8313861671882465
6.031386167188246
5.231386167188246
4.78058509679914
5.311314466800121
6.399999999993539
7.999999995496045
8.799999999988248
7.99999999999471
7.199999999994709
5.59999999999471
11.194238835498345
10.394238835498344
9.594238835498343
8.794238835498344
