5.599603416048428
7.186149010609874
9.24557293751988
3.199933206479114
3.9999332064791133
1.6
4.415056126393036
12.005810980739163
12.692026141898772
13.115860778072273
14.679326377015096
4.0567611597404465
11.205810980739162
11.892026141898771
12.315860778072272
13.879326377015097
5.6135102661852985
6.2997254273449075
6.72356006351841
8.287025662461234
9.618267370912273
4.813510266185339
5.92356006351845
7.200099878910864
7.487025662461274
4.699727161256172
5.123561797429674
3.243568385882946
5.917083782158882
4.310049744614186
5.87351534355701
1.0735153962759652
2.4047571047270035
1.6047571047270033
0.804757104729747
1.0698990081315827
11.236753577959346
9.775171205699847
11.273643445004367
9.673643445005162
6.473643476003265
6.979080002727438
2.824376520587843
5.599922031815831
4.799949337630424
6.399849551402411
5.599849697166476
4.799900213771988
2.3999002137719883
6.618952055654141
7.673767437318178
27.27246595664823
6.873767437318178
9.599999999999998
6.961782057802639
17.672466387691728
9.672508399611225
4.630336530298065
4.372906777223891
6.641908768644706
18.90524199402918
4.100277874001052
12.79706430346944
10.39706430346944
7.997235375184289
7.197235375184289
6.397235375184289
3.1972595780087523
1.9424970089731968
2.476844788333956
4.526330705274921
7.999993060790811
3.7263307052749206
7.199993060790812
6.666306643032943
17.93417325119254
1.6
6.059517944039278
7.893377270485546
3.6595179440392784
2.859517944039279
6.453614658867792
9.394713970175948
6.459482349310843
4.859482349311087
3.259482349311087
4.09933123892678
4.795629909401012
8.286467359466327
16.794532321833287
17.15781672361379
17.777750210434686
3.949349527269589
10.394564562183085
10.757848963963589
11.37778245078448
6.8959521569804
7.830903121037654
6.1227468099548545
7.057697774012109
8.528754787648907
0.8388203360485271
19.687858396531436
17.55053184722901
6.399996230138038
6.85955968838842
5.599999996096074
6.059563454346456
2.4000000000000004
4.081778237021466
9.32572865123104
9.67001870535569
1.6
3.281778237021466
8.52572865123104
8.870018705355688
5.799074919586434
7.99421037479611
18.399994927901766
12.799994930282075
8.799999999982669
16.77797169333135
8.63910132980515
11.380678281269248
11.776186201669397
2.3041021532381287
2.7683403633202723
3.163848283720423
11.205706700343068
10.405706700343067
12.799999545345017
