3.9999999999940905
5.510599782949242
7.998673089755139
8.577284640032223
4.798673089755138
3.9986730897551386
3.777284640032224
6.4
7.2
6.4
3.2
4.0
11.200000000000001
14.399999999315305
8.8
11.199999999315304
12.8
14.4
5.6000000000000005
4.800000000000001
9.599999997190094
16.799999999991467
15.999999999991468
13.599999999991468
7.2
9.334331604816734
6.934331604816734
6.134331604816733
5.334331604816733
4.780651418678355
5.212664400126837
6.399999999981637
7.999999999980314
8.799999999981637
7.999999999989477
7.2
5.6000000000000005
11.131548142926619
10.331548142937141
9.53154814293714
8.731548142937141
