3.99991305085506
5.598243526521085
7.2220953902337115
7.807053960407693
4.022095390233711
3.2220953902337115
3.0070539604076925
6.347577412484108
6.874516847154531
6.126937380996084
3.1999999997434356
3.7269394344138598
10.426547611573284
13.740395949876614
8.026549664991059
10.59281853713594
12.292306697659793
14.24594217576408
5.220501319511498
4.420501319511497
9.10069733652721
16.45635292466559
15.656352924665592
13.256352924665592
7.199999999985334
7.961306829429748
5.561306829429748
4.761306829429748
3.961306829429748
4.1247516814467895
5.126058536556384
6.36676022784286
7.965980951121374
8.766772540168107
7.972565242962256
7.199664619873582
5.599999989533103
11.172158541034815
10.39925791794614
9.599593261687284
8.799593287605662
