3.998747581406729
5.156492441073532
7.483227224864862
8.008294043050276
4.283227224864862
3.483227224864862
3.2082940430502753
6.19640752231075
6.4495673694618905
5.85315984714679
3.2
3.45315984715114
10.25599413629814
13.447289374182304
7.855994136302489
10.450881851871554
12.715321622051967
14.34168750833805
5.548189297761763
4.748189297761763
9.21400248491067
16.593391707845665
15.793391707845666
13.393391707845666
7.2
8.257470319295981
5.857470319295982
5.057470319295982
4.257470319295982
4.282805802150512
5.283360576546615
6.278447024514249
7.757278850823534
8.774132987074184
7.99960449338759
7.199661104720793
5.599999989358558
10.886131782321037
10.08618839365424
9.286522968549345
8.486527278292007
