3.999914694596191
5.589439994671173
7.322400166088354
8.093819310133558
4.122400166088354
3.3224001660883533
3.2938193101335567
6.347428376414137
6.874150841309795
6.126722455517308
3.1999999997434356
3.726722464639094
10.409486219702071
13.943668740504007
8.009486228823857
10.796240363833304
12.18507789464244
13.352118047975374
5.37184821171142
4.796770624957893
9.577555515399846
16.156378218538972
15.356378218538971
12.95637821853897
7.2
8.278276230292011
5.878276230292011
5.078276230292011
4.27827623029201
4.220265333372104
4.90138398007408
5.793305170144632
7.571964986963606
8.37200535264947
7.5720053526494695
6.845003043283883
5.599999989080365
10.712047225690792
9.985044916325206
9.188289165381002
8.740041862121686
