4.0
5.566138066618406
7.991533450096964
8.164102219512541
4.791533450096963
3.991533450096963
3.364102219512542
6.4
7.199999999804051
6.399999999804052
3.2
3.999999999804052
11.199429075568682
14.38173279186637
8.799429075568682
11.18173279186637
12.8
14.4
5.6000000000000005
4.800000000000001
9.600000000000001
16.8
16.0
13.600000000000001
7.2
9.599996338105127
7.199996338105127
6.399996338105126
5.599996338105125
4.799999998821162
5.59999992681701
6.4
8.0
8.8
8.0
7.2
5.6000000000000005
11.200000000000001
10.4
9.600000000000001
8.8
