3.9999158473307057
5.589522999723019
7.249619679528748
8.09324455181511
4.049619679528748
3.2496196795287475
3.29324455181511
6.347829571326712
6.874180547817407
6.126348987147268
3.2
3.7263509764906964
10.467081927880262
13.550098225248838
8.06708391722369
10.402268653922127
12.705042937521906
13.981166940981305
5.5841086653511605
4.784108665351161
9.306721122228362
16.328013760135352
15.528013760135352
13.128013760135353
7.051254816477641
7.612550365962953
5.2125503659629535
4.412550365962953
3.612550365962953
4.247736120175396
5.432396869477658
5.603690226299696
7.480859666205035
8.280900031890898
7.480900031890897
6.708012909351026
5.599999989080366
10.680505703014251
9.907618580474377
9.157253835944479
8.799605660203719
