3.999913656483888
5.589306203761004
7.135322000792626
7.850495186766938
3.9353220007926257
3.1353220007926255
3.050495186766937
6.382982171352682
6.635691367332377
5.852709195974757
3.2
3.452709195979695
10.576349910105018
13.871087933552772
8.176349910109955
10.688105762200092
12.763671746121396
14.222747115813704
5.59674692433736
4.79674692433736
9.596396825261122
16.364996279175646
15.564996279175645
13.164996279175647
7.2
7.708991777149125
5.308991777149124
4.508991777149125
3.7089917771491248
4.207708713515392
4.913988398726295
5.922541311916153
7.522502465607083
8.322541431479776
7.522541444268352
6.749876943155723
5.5999999999934325
10.716239130271816
9.943574629159187
9.146867857991941
8.793697685996895
