3.9999979975179665
5.589507114206748
7.192098326298498
7.902521209721096
3.992098326298498
3.1920983262984977
3.1025212097210955
6.283498586144043
7.080446342137058
6.396947746877238
3.2
3.9969477559930136
10.954683959135279
13.463367927875176
8.554683968251053
10.37986934173113
12.73010865723817
14.258976604839958
5.599999847297284
4.7999998472972845
9.596414210045246
16.407553158082468
15.607553158082467
13.207553158082469
7.199999999999989
8.544631004971688
6.1446310049716875
5.344631004971688
4.544631004971687
4.306941039435005
5.307212494877919
6.29228594828987
7.892255394853473
8.692298595656245
7.961225170416653
7.188409027041003
5.591673165288673
10.750493063228376
9.977676919852726
9.18093685365145
8.380941058100396
