3.998753783317607
5.251774968612482
6.81636684684772
7.552203424425136
3.6163668468477206
2.8163668468477208
2.752203424425135
6.383181878207933
6.6355192125676
5.852337334097939
3.1999999997434356
3.4523373341031034
10.401796303747636
13.700309158252125
8.0017963037528
10.51712727978763
12.613907350096799
14.213907505965985
5.5999998441217915
4.799999844121792
9.456356716750696
16.514746649374096
15.714746649374096
13.314746649374095
7.2
8.557305211005465
6.157305211005465
5.357305211005464
4.557305211005464
4.262932179779869
5.448100226883749
5.79011980477388
6.9104523023338125
7.710495299387668
6.9104952993876685
6.351557632516897
5.120062527062148
10.110061585922438
9.551123919051665
8.767254480426478
8.319628813596916
