3.999911322414637
5.589562910957284
7.2444939530074315
7.925400039347453
4.044493953007431
3.2444939530074315
3.1254000393474533
6.282927407106944
6.535871691659735
5.852942375587083
3.2
3.452944284552792
10.44119705860331
13.718804478997601
8.04119896756902
10.635877071890658
12.672026810006274
14.217273583849511
5.52140348922354
4.7838907883209325
9.452533794844184
16.353034676341235
15.553034676341236
13.153034676341235
7.2
8.091999283725102
5.691999283725102
4.891999283725102
4.091999283725102
4.262085573891876
5.447198949839347
6.245561183361112
7.629728322700585
8.64557420800764
7.84557420800764
7.118408696758053
5.599999989296601
10.633944702107584
9.906779190857998
9.110060122608319
8.388370483396546
