3.999916878376137
5.589426172967488
6.9555249331250595
7.636058347077119
3.7555249331250593
2.9555249331250595
2.83605834707712
6.382825675237059
6.635916002516968
5.853088349987206
3.2
3.453090327279908
10.52842931071803
13.870901260546601
8.128431288010733
10.688075585309543
12.764171374066285
14.29605805281444
5.596889452109526
4.796889452109526
9.540187528874863
15.887956176066792
15.087956176066792
12.687956176066791
7.199939500335738
7.643092709184166
5.2430927091841655
4.443092709184166
3.6430927091841654
4.261609256408559
4.942839776100993
5.527364300567306
7.661460175331681
8.461460882691762
7.661506467069486
6.9342987900653545
5.599999999986741
10.842153856543561
10.11494617953943
9.331073766338688
8.780647389460816
