3.998738873443682
5.251205937690479
6.9408827356230605
7.551834602600386
3.7408827356230603
2.9408827356230605
2.7518346026003857
6.3468318543024855
6.534984876393418
5.788153022086025
3.2
3.3881530220909326
10.981546934533412
13.834266313198064
8.581546934538322
10.68743445889558
12.750667846229975
14.128926711136357
5.583859893128969
4.783859893128969
9.303260798591063
16.44370406485769
15.64370406485769
13.24370406485769
7.2
8.158141696950805
5.758141696950806
4.958141696950806
4.158141696950806
4.2406938345367315
5.139790166322804
6.324460331687242
7.924459904552724
8.724460440335545
7.992791048936121
7.199513239959716
5.599999988759085
11.18327833412375
10.390000525147347
9.590336182641325
8.790487273946715
