3.998756623931316
5.589525476822173
7.314805665555191
7.925796425332975
4.114805665555191
3.314805665555191
3.1257964253329744
6.306316542541338
7.099151525413236
6.35131747996548
3.1584824970988743
3.951317479970772
10.97996895926623
13.836089496300993
8.579968959271522
10.688255450858529
12.70160273863436
14.278475254112278
5.534256666861138
4.796894830301205
9.31195687186068
16.632371381190158
15.832371381190157
13.432371381190158
7.2
8.13166377634298
5.731663776342982
4.931663776342982
4.1316637763429815
4.289416089169651
4.970359931026834
6.135240577324447
7.729381512605544
8.53524069572453
7.741176046710719
6.947918257572521
5.599999989248272
10.921750978521784
10.128493189383585
9.331791390014052
8.780574921059339
