3.9999169837538653
5.252053095318047
7.218160494828267
7.829406895156629
4.018160494828268
3.218160494828268
3.029406895156629
6.282911937719663
6.7085619664580625
6.025648033592599
3.1999999997434356
3.6256500284818345
10.493438552787262
13.77049851788845
8.093440547676497
10.687586579912223
12.652451321489252
14.196744194322907
5.521613422879228
4.784086976276867
9.595464246671776
16.227490522113197
15.427490522113198
13.027490522113197
7.2
7.9462530440784525
5.546253044078453
4.746253044078453
3.946253044078453
4.261360292644147
4.891093492265745
6.234330593429824
7.615331803837977
8.63022087581211
7.830220875817756
7.177636168306704
5.595878505566393
11.029462394061563
10.37687768655051
9.593373513013706
8.795120023810199
