3.9999119689733824
5.598246659852109
7.34403140258175
8.115240312602507
4.144031402581751
3.344031402581751
3.315240312602508
6.283101428307919
6.5358284512425815
5.852727014078766
3.2
3.452727022934663
10.493524493083179
13.771014241767336
8.093524501939076
10.687912813459416
12.488033122857559
14.02700171696376
5.321031347970817
4.521031347970817
8.922935533029685
15.91823560810432
15.118235608104321
12.71823560810432
7.2
8.236357328536041
5.836357328536041
5.036357328536041
4.23635732853604
4.300730788299486
5.400428564296919
6.209658560587438
7.685531516871307
8.60965868814319
7.834802358588384
7.041466192548028
5.599999999999206
10.722096129822768
9.928759963782412
9.132058586554143
8.48729377123359
