3.9689136344738665
5.589564964866822
7.149300364250571
7.927200087566039
3.9493003642505715
3.1493003642505712
3.127200087566038
6.382827660846282
7.133644497491038
6.350816827856238
3.2
3.9508168366447567
10.575271210265926
13.603188006511553
8.175271219054444
10.420360345665271
12.74020985939566
14.11875499786961
5.5835219810930905
4.783521981093091
9.13791914817815
16.61698940676174
15.816989406761738
13.416989406761738
7.2
7.5975859483522585
5.197585948352258
4.3975859483522575
3.5975859483522576
4.056572625313426
5.241216855946568
6.236300808071967
7.836270151751008
8.63631316831695
7.836313181966782
7.183543725912688
5.599999999994108
10.913719351691391
10.260949895637296
9.477273476125509
8.677406169718715
