3.9987669258096954
5.589538627988592
7.147666685562233
7.828313968254829
3.9476666855622327
3.147666685562233
3.028313968254828
6.396571270186474
6.649289507660356
5.852718227622141
3.2
3.4527182374738823
10.493482792303572
13.601579964475869
8.093482802155313
10.405008694289394
12.727376185403564
13.991345674854593
5.59678404761577
4.796784047615771
9.11744429352709
16.674986862767184
15.874986862767186
13.474986862767185
7.2
8.167534986670097
5.767534986670096
4.9675349866700955
4.167534986670096
4.279950324785819
5.380245691801488
6.194016014429566
7.972649471012457
8.772690109092842
7.972690109092842
7.199664823163975
5.59999780441076
11.17153253098806
10.398507245059191
9.598836050553961
8.798840226305977
