3.9987568229370973
5.155623583228028
7.375570924796823
8.055935839550507
4.175570924796824
3.3755709247968237
3.2559358395505065
6.282738595953597
6.535415175596757
5.852674584226388
3.2
3.45267657964316
10.492080946157227
13.769521859077116
8.092082941573999
10.686783263123521
12.762414603619822
14.294705271036007
5.596736549058655
4.7967365490586555
9.522451004894583
16.124953054638066
15.324953054638065
12.924953054638065
7.2
8.607858826633745
6.207858826633745
5.4078588266337455
4.607858826633745
4.241747583585268
4.871752405579197
6.055052971721278
7.6542862493471695
8.455052971916698
7.68053616524646
7.028038583200836
5.5999999999943135
10.88053517834206
10.228037596296435
9.444499553720268
8.799999013089913
