3.9987460327342386
5.598209459637484
7.320525706863009
8.055899311618127
4.12052570686301
3.32052570686301
3.255899311618128
6.282227909106766
6.614186267644462
5.931956349617217
3.2
3.531958358537697
10.466947963050998
13.790558562611801
8.066949971971477
10.708330653505037
12.78457554652222
14.317749746283916
5.596569270007816
4.796569270007816
9.208167125782461
16.66852532668062
15.86852532668062
13.46852532668062
7.2
7.85950804547484
5.45950804547484
4.65950804547484
3.85950804547484
4.224984551184092
5.302003896359282
6.389962455564002
7.864390526632666
8.789962591260641
7.9899626028351864
7.196684539281718
5.599999999999998
10.779037954989441
9.98575989143597
9.189070831776464
8.38907535215425
