3.999911657450313
5.589451978321415
7.192165006851565
7.902496622913373
3.9921650068515646
3.1921650068515652
3.102496622913373
6.3472850725086625
6.772975269466243
6.025688292102228
3.1999999997434356
3.625690196701015
10.52818531622944
13.552511094268425
8.128187220828227
10.4052260215032
12.71464250086193
14.186586579081975
5.583930877662196
4.783930877662196
9.577060239496637
16.44242120166494
15.64242120166494
13.24242120166494
7.2
8.635715649899314
6.235715649899314
5.435715649899314
4.635715649899313
4.190407777291779
5.191656772698114
5.942219896143399
7.33235230871655
8.342232180580686
7.5483260295865495
6.749247324024933
5.598733805395646
10.434387140829998
9.635308435268383
8.835321778435054
8.484794916639094
