3.998721548173407
5.589515657623379
7.39705352075205
8.008294945582302
4.197053520752051
3.397053520752051
3.208294945582302
6.283383926731118
7.0678796764824146
6.384495749746833
3.2
3.9844957497512965
10.97960334138104
13.52809485706317
8.579603341385504
10.44471093033205
12.781024237804285
14.237079375943452
5.599985925086022
4.799985925086022
9.404390950014598
16.487192133052307
15.687192133052307
13.287192133052308
7.199999999999891
8.689365473715409
6.289365473715408
5.4893654737154085
4.689365473715408
4.307024452555907
5.4080689518582075
6.0431289999781646
7.822618144422399
8.62261887034859
7.964591486664168
7.191867722064895
5.599999999999998
10.852285552700886
10.079561788101614
9.27989957281417
8.487694066036717
