4.262
3.587666667
4.1071
1.146433333
1.483833333
0.906
3.064433333
4.5239
4.4736
4.4725
4.9383
2.846933333
4.0397
3.9455
3.8674
4.2423
1.859
1.8425
1.9008
2.4213
2.4742
1.8026
1.8428
2.3717
2.3744
1.8043
1.7654
1.732533333
2.3382
2.0568
2.347
0.6491333333
0.6998333333
0.0908
0.0751
0.04513333333
3.733333333
3.8041
4.677466667
3.6204
2.758933333
1.4092
0.1430666667
0.8846
0.7810666667
1.695933333
1.613933333
1.425
1.500533333
1.517266667
1.809933333
8.366
1.6554
4.5034
2.878333333
7.4529
5.1166
1.385266667
1.2712
2.7562
8.952
3.328666667
7.079
5.161
3.343466667
2.693133333
2.3422
1.389766667
1.129466667
0.09586666667
2.402833333
4.750866667
2.3811
4.742533333
4.887266667
4.5584
1.380566667
2.1813
2.4906
2.2851
2.5405
1.6042
2.9291
3.0793
2.2102
0.1300333333
2.608133333
1.530133333
2.013733333
4.5469
4.1803
2.237333333
1.3054
2.384
2.809666667
0.6615666667
0.02726666667
-0.0111
4.384533333
